<CoordinateSystem> { Z-up } 
<Material> Material.003 {
  <Scalar> diffr { 0 }
  <Scalar> diffg { 0 }
  <Scalar> diffb { 0 }
  <Scalar> ambr { 0 }
  <Scalar> ambg { 0 }
  <Scalar> ambb { 0 }
  <Scalar> emitr { 0.800000 }
  <Scalar> emitg { 0.800000 }
  <Scalar> emitb { 0.800000 }
}

<Texture> Tex.001 {
  "./tex/berzerker_texture.png"
  <Scalar> envtype { MODULATE }
  <Scalar> minfilter { LINEAR_MIPMAP_LINEAR }
  <Scalar> magfilter { LINEAR_MIPMAP_LINEAR }
  <Scalar> wrap { REPEAT }
}

  <Group> Lamp {
    <Transform> {
      <Matrix4> {
        -0.29086464643478394 0.9551711678504944 -0.05518905818462372 0.0 
        -0.7711008191108704 -0.1998833566904068 0.6045247316360474 0.0 
        0.5663931965827942 0.21839119493961334 0.7946722507476807 0.0 
        4.076245307922363 1.0054539442062378 5.903861999511719 1.0 
      }
    }
    
  }
  <Group> Camera {
    <Transform> {
      <Matrix4> {
        0.941280722618103 -0.3376249372959137 -3.7082213566463906e-06 0.0 
        0.0821966677904129 0.22914937138557434 0.9699145555496216 0.0 
        -0.3274664878845215 -0.9129621386528015 0.2434455156326294 0.0 
        -13.872413635253906 -37.80331802368164 10.025997161865234 1.0 
      }
    }
    
  }
  <Group> Armature {
    <Dart> { 1 }
    <Joint> global {
      <Transform> {
        <Matrix4> {
          1.0 0.0 0.0 0.0 
          0.0 -4.371138828673793e-08 1.0 0.0 
          0.0 -1.0 -4.371138828673793e-08 0.0 
          0.0 0.4000000059604645 -8.100000381469727 1.0 
        }
      }
      <Joint> knee_pole_l {
        <Transform> {
          <Matrix4> {
            -1.0 1.5099580252808664e-07 0.0 0.0 
            6.6002361555513294e-15 4.371138828673793e-08 1.0 0.0 
            1.5099580252808664e-07 1.0 -4.371138828673793e-08 0.0 
            1.0565577745437622 4.59999942779541 5.352601528167725 1.0 
          }
        }
      }
      <Joint> knee_pole_r {
        <Transform> {
          <Matrix4> {
            -1.0 -1.5099580252808664e-07 0.0 0.0 
            -6.6002361555513294e-15 4.371138828673793e-08 1.0 0.0 
            -1.5099580252808664e-07 1.0 -4.371138828673793e-08 0.0 
            -1.0565577745437622 4.59999942779541 5.352601528167725 1.0 
          }
        }
      }
      <Joint> foot_ctrl_l {
        <Transform> {
          <Matrix4> {
            1.0 0.0 0.0 0.0 
            0.0 -2.821299744937278e-07 -1.0 0.0 
            0.0 1.0 -2.821299744937278e-07 0.0 
            1.2000001668930054 0.16554540395736694 -0.9519622325897217 1.0 
          }
        }
        <Joint> ball_ctrl_l {
          <Transform> {
            <Matrix4> {
              1.0 -1.4410662174668687e-07 -1.7877243863040349e-07 0.0 
              2.2132203980618215e-07 0.8123282790184021 0.5832004547119141 0.0 
              6.117885220646713e-08 -0.5832004547119141 0.8123282790184021 0.0 
              -2.384185791015625e-07 -1.027026653289795 0.10620410740375519 1.0 
            }
          }
          <Joint> ankle_l {
            <Transform> {
              <Matrix4> {
                0.9998999238014221 -0.00419958820566535 0.013513012789189816 0.0 
                0.011292511597275734 -0.3386581540107727 -0.9408417344093323 0.0 
                0.008527440018951893 0.9409001469612122 -0.3385767936706543 0.0 
                3.5333115988578356e-08 1.0772476196289062 6.098564426793018e-07 1.0 
              }
            }
          }
        }
        <Joint> toe_ctrl_l {
          <Transform> {
            <Matrix4> {
              1.0 6.582220635209524e-08 -1.1884541208928567e-06 0.0 
              -6.582222056294995e-08 -0.9938838481903076 -0.11043072491884232 0.0 
              -1.1884541208928567e-06 0.11043072491884232 -0.9938838481903076 0.0 
              -2.384185791015625e-07 -1.027026653289795 0.10620410740375519 1.0 
            }
          }
        }
      }
      <Joint> foot_ctrl_r {
        <Transform> {
          <Matrix4> {
            1.0 0.0 0.0 0.0 
            0.0 -2.821299744937278e-07 -1.0 0.0 
            0.0 1.0 -2.821299744937278e-07 0.0 
            -1.2000001668930054 0.16554540395736694 -0.9519622325897217 1.0 
          }
        }
        <Joint> ball_ctrl_r {
          <Transform> {
            <Matrix4> {
              1.0 1.4410662174668687e-07 1.7877243863040349e-07 0.0 
              -2.2132203980618215e-07 0.8123282790184021 0.5832004547119141 0.0 
              -6.117885220646713e-08 -0.5832004547119141 0.8123282790184021 0.0 
              2.384185791015625e-07 -1.027026653289795 0.10620410740375519 1.0 
            }
          }
          <Joint> ankle_r {
            <Transform> {
              <Matrix4> {
                0.9998999238014221 0.00419958820566535 -0.013513012789189816 0.0 
                -0.011292511597275734 -0.3386581540107727 -0.9408417344093323 0.0 
                -0.008527440018951893 0.9409001469612122 -0.3385767936706543 0.0 
                -3.5333115988578356e-08 1.0772476196289062 6.098564426793018e-07 1.0 
              }
            }
          }
        }
        <Joint> toe_ctrl_r {
          <Transform> {
            <Matrix4> {
              1.0 -6.582220635209524e-08 1.1884541208928567e-06 0.0 
              6.582222056294995e-08 -0.9938838481903076 -0.11043072491884232 0.0 
              1.1884541208928567e-06 0.11043072491884232 -0.9938838481903076 0.0 
              2.384185791015625e-07 -1.027026653289795 0.10620410740375519 1.0 
            }
          }
        }
      }
      <Joint> body_ctrl {
        <Transform> {
          <Matrix4> {
            1.0 0.0 0.0 0.0 
            0.0 -4.371138828673793e-08 -1.0 0.0 
            0.0 1.0 -4.371138828673793e-08 0.0 
            0.0 9.40000057220459 0.39999958872795105 1.0 
          }
        }
        <Joint> spine_1 {
          <Transform> {
            <Matrix4> {
              0.9999998807907104 1.225754573397353e-07 2.2765735963048428e-08 0.0 
              8.135714324453147e-13 -0.18261195719242096 0.9831849932670593 0.0 
              1.246716720970653e-07 -0.9831849932670593 -0.18261195719242096 0.0 
              0.0 0.0 0.0 1.0 
            }
          }
          <VertexRef> {
            206 207 208 211 214 215 216 219 222 223 224 227 230 231 232 235 268 269 273 274 276 277 281 282 748 749 753 754 756 759 762 763
            <Scalar> membership { 1.000000 }  <Ref> { Cube }
          }
          <Joint> spine_2 {
            <Transform> {
              <Matrix4> {
                1.0 7.492874593353904e-13 1.2467199894672376e-07 0.0 
                4.0805606005278605e-08 0.9449171423912048 -0.32730937004089355 0.0 
                -1.1780494446611556e-07 0.32730937004089355 0.9449171423912048 0.0 
                2.704542319265091e-15 1.1212280988693237 -1.4901161193847656e-08 1.0 
              }
            }
            <VertexRef> {
              182 183 184 187 190 191 192 195 198 199 200 203 204 205 206 207 208 209 210 211 212 213 214 215 216 217 218 219 220 221 222 223 224 225 226 227 228 229 230 231 232 233 234 235 268 269 273 274 276 277 281 282 623 627 636 642 652 655 658 659 748 749 753 754 756 759 762 763
              <Scalar> membership { 1.000000 }  <Ref> { Cube }
            }
            <Joint> spine_3 {
              <Transform> {
                <Matrix4> {
                  1.0 -2.6669409791679755e-08 2.5059620156753226e-08 0.0 
                  2.8759545855905344e-08 0.9961656928062439 -0.08748719096183777 0.0 
                  -2.2630333162965144e-08 0.08748719096183777 0.9961656928062439 0.0 
                  -9.825582188149884e-20 1.0974658727645874 1.4901161193847656e-08 1.0 
                }
              }
              <VertexRef> {
                164 165 166 167 168 169 170 171 172 173 174 175 176 177 178 179 180 181 182 183 184 185 186 187 188 189 190 191 192 193 194 195 196 197 198 199 200 201 202 203 204 205 209 210 212 213 217 218 220 221 225 226 228 229 233 234 604 607 610 611 620 623 626 627 636 639 642 643 652 655 658 659 1028 1031 1034 1035 1036 1039 1042 1043 1044 1045 1049 1050 1052 1053 1054 1055 1056 1057 1058 1059 1060 1061 1062 1063 1064 1065 1066 1067 1068 1069 1070 1071 1072 1073 1074 1075 1076 1077 1078 1079 1080 1081 1082 1083
                <Scalar> membership { 1.000000 }  <Ref> { Cube }
              }
              <Joint> neck {
                <Transform> {
                  <Matrix4> {
                    1.0 -1.5098318328909954e-07 2.7798353130492615e-07 0.0 
                    1.0015286378006749e-08 0.893420398235321 0.4492214620113373 0.0 
                    -3.161810866458836e-07 -0.4492214620113373 0.893420398235321 0.0 
                    1.7763568394002505e-15 1.2801287174224854 -5.960464477539063e-08 1.0 
                  }
                }
                <VertexRef> {
                  164 165 169 170 172 175 178 179 188 189 193 194 197 201 973 974 976 977 980 983 986 987 1013 1014 1016 1017 1028 1029 1030 1031 1032 1033 1034 1035 1036 1037 1038 1039 1040 1041 1042 1043 1044 1045 1046 1047 1048 1049 1050 1051
                  <Scalar> membership { 1.000000 }  <Ref> { Cube }
                }
                <Joint> skull {
                  <Transform> {
                    <Matrix4> {
                      1.0 9.365338371480902e-08 -8.310533985422808e-07 0.0 
                      7.554299941148201e-08 0.9795324206352234 0.2012861669063568 0.0 
                      8.328948979396955e-07 -0.2012861669063568 0.9795324206352234 0.0 
                      7.283063041541027e-14 0.9039126038551331 7.823107495141812e-08 1.0 
                    }
                  }
                  <VertexRef> {
                    972 973 974 975 976 977 978 979 980 981 982 983 984 985 986 987 988 989 990 991 992 993 994 995 996 997 998 999 1000 1001 1002 1003 1004 1005 1006 1007 1008 1009 1010 1011 1012 1013 1014 1015 1016 1017 1018 1019 1020 1021 1022 1023 1024 1025 1026 1027 1029 1030 1032 1033 1037 1038 1040 1041 1046 1047 1048 1051
                    <Scalar> membership { 1.000000 }  <Ref> { Cube }
                  }
                }
              }
            }
          }
        }
        <Joint> pelvis {
          <Transform> {
            <Matrix4> {
              1.0 -3.282071077137516e-07 -4.782312783627174e-13 0.0 
              -1.5489618051742204e-12 -3.262362270106678e-06 -1.0 0.0 
              3.282071077137516e-07 1.0 -3.262362270106678e-06 0.0 
              0.0 0.0 0.0 1.0 
            }
          }
          <VertexRef> {
            319 323 799 803 1086 1090 1102 1106
            <Scalar> membership { 0.245177 }  <Ref> { Cube }
          }
          <VertexRef> {
            1085 1091 1094 1098 1103 1105 1110 1114
            <Scalar> membership { 0.241876 }  <Ref> { Cube }
          }
          <VertexRef> {
            270 271 272 275 278 279 280 283 284 285 286 287 288 289 290 291 292 293 294 295 296 297 298 299 300 301 302 303 304 305 306 307 750 751 752 755 757 758 760 761 764 765 766 767 768 769 770 771 772 775 778 779 780 781 782 783 784 785 786 787 788 789 790 791 792 793 794 795 796 797 801 802 1084 1087 1092 1095 1100 1101 1112 1113
            <Scalar> membership { 1.000000 }  <Ref> { Cube }
          }
          <VertexRef> {
            311 315 316 322 774 776 798 800
            <Scalar> membership { 0.245566 }  <Ref> { Cube }
          }
          <VertexRef> {
            308 314 773 777 1093 1099 1109 1115
            <Scalar> membership { 0.245953 }  <Ref> { Cube }
          }
          <Joint> thigh_r {
            <Transform> {
              <Matrix4> {
                0.9985691905021667 0.03838464245200157 0.03723188862204552 0.0 
                -0.03723163902759552 0.9988201260566711 -0.031182672828435898 0.0 
                -0.038384854793548584 0.02975185215473175 0.9988200068473816 0.0 
                -0.9000001549720764 0.599998950958252 0.27857089042663574 1.0 
              }
            }
            <VertexRef> {
              271 272 275 280 283 285 286 288 289 290 291 294 295 296 297 298 299 302 303 304 305 306 307 312 313 314 315 320 321 322 323 328 329 330 331 338 339 344 345 346 347 354 355 360 361 362 363 370 371 376 377 378 379 384 385 392 393 394 395 402 403 416 417 418 419 424 425 426 427 434 435 750 752 755 760 761 764 765 768 769 770 771 776 777 778 779 784 785 786 787 792 793 794 795 800 801 802 803 1084 1085 1086 1087 1088 1089 1090 1091 1092 1093 1094 1095 1096 1097 1098 1099
              <Scalar> membership { 1.000000 }  <Ref> { Cube }
            }
            <Joint> shin_r {
              <Transform> {
                <Matrix4> {
                  0.9999473690986633 -0.010261735878884792 -0.00028707028832286596 0.0 
                  0.009865818545222282 0.9528869390487671 0.3031657040119171 0.0 
                  -0.0028374530375003815 -0.30315256118774414 0.9529379606246948 0.0 
                  4.936009645462036e-08 4.204962730407715 1.4901161193847656e-08 1.0 
                }
              }
              <VertexRef> {
                328 329 336 337 338 339 344 345 352 353 354 355 360 361 368 369 370 371 378 379 384 385 386 387 392 393 400 401 402 403 408 409 410 411 424 425 432 433 434 435 440 441 442 443 448 449 450 451 456 457 458 459 464 465 466 467 480 481 482 483 488 489 490 491 498 499 504 505 506 507 514 515 520 521 522 523 530 531 537 538 545 554
                <Scalar> membership { 1.000000 }  <Ref> { Cube }
              }
              <Joint> foot_r {
                <Transform> {
                  <Matrix4> {
                    0.9989097118377686 -0.03726324811577797 -0.028124554082751274 0.0 
                    -0.013866683468222618 0.33842015266418457 -0.9408929347991943 0.0 
                    0.044578637927770615 0.9402570128440857 0.3375343978404999 0.0 
                    -1.4901161193847656e-08 3.8494699001312256 2.0116567611694336e-07 1.0 
                  }
                }
                <VertexRef> {
                  472 473 474 475 480 481 488 489 496 497 498 499 504 505 512 513 514 515 520 521 528 529 530 531 537 538 545 546 553 554 561 562
                  <Scalar> membership { 1.000000 }  <Ref> { Cube }
                }
                <Joint> toes_r {
                  <Transform> {
                    <Matrix4> {
                      1.0 -3.9547629171465815e-07 -8.683560395184031e-07 0.0 
                      -8.066076873092243e-08 0.8717678189277649 -0.4899192452430725 0.0 
                      9.507563163424493e-07 0.4899192452430725 0.8717677593231201 0.0 
                      2.065950965857155e-08 1.0772427320480347 -8.068436159192061e-07 1.0 
                    }
                  }
                  <VertexRef> {
                    473 474 480 481 488 496 499 521 529 530 536 537 538 539 544 545 546 547 552 553 554 555 560 561 562 563 568 569 570 571
                    <Scalar> membership { 1.000000 }  <Ref> { Cube }
                  }
                }
              }
            }
          }
          <Joint> thigh_l {
            <Transform> {
              <Matrix4> {
                0.9985692501068115 -0.038384679704904556 -0.03723123297095299 0.0 
                0.0372316911816597 0.9988201260566711 -0.031182652339339256 0.0 
                0.038384199142456055 0.0297518540173769 0.9988200664520264 0.0 
                0.8999999165534973 0.599998950958252 0.2785714864730835 1.0 
              }
            }
            <VertexRef> {
              270 271 275 278 279 284 285 286 287 288 289 292 293 294 295 296 299 300 301 302 303 304 307 308 309 310 311 316 317 318 319 324 325 326 327 332 335 340 341 342 343 348 351 356 357 358 359 364 367 372 373 374 375 381 382 388 389 390 391 396 399 412 413 414 415 420 421 422 423 428 431 750 751 752 757 758 764 765 766 767 769 770 772 773 774 775 780 781 782 783 788 789 790 791 796 797 798 799 1100 1101 1102 1103 1104 1105 1106 1107 1108 1109 1110 1111 1112 1113 1114 1115
              <Scalar> membership { 1.000000 }  <Ref> { Cube }
            }
            <Joint> shin_l {
              <Transform> {
                <Matrix4> {
                  0.9999473094940186 0.010261735878884792 0.00028707290766760707 0.0 
                  -0.009865820407867432 0.9528868794441223 0.3031656742095947 0.0 
                  0.002837461419403553 -0.30315253138542175 0.95293790102005 0.0 
                  4.190951585769653e-08 4.204962730407715 7.450580596923828e-09 1.0 
                }
              }
              <VertexRef> {
                325 326 332 333 334 335 341 342 348 349 350 351 357 358 364 365 366 367 372 375 380 381 382 383 389 390 396 397 398 399 404 405 406 407 421 422 428 429 430 431 436 437 438 439 444 445 446 447 452 453 454 455 460 461 462 463 476 477 478 479 484 485 486 487 492 495 500 501 502 503 508 511 516 517 518 519 524 527 532 533 541 548
                <Scalar> membership { 1.000000 }  <Ref> { Cube }
              }
              <Joint> foot_l {
                <Transform> {
                  <Matrix4> {
                    0.9989097118377686 0.03726327046751976 0.02812456339597702 0.0 
                    0.013866681605577469 0.33842015266418457 -0.9408929347991943 0.0 
                    -0.044578664004802704 0.9402569532394409 0.3375343978404999 0.0 
                    4.470348358154297e-08 3.849468946456909 1.9744038581848145e-07 1.0 
                  }
                }
                <VertexRef> {
                  468 469 470 471 477 478 485 486 492 493 494 495 501 502 508 509 510 511 517 518 524 525 526 527 532 533 540 541 548 549 556 557
                  <Scalar> membership { 1.000000 }  <Ref> { Cube }
                }
                <Joint> toes_l {
                  <Transform> {
                    <Matrix4> {
                      1.0 3.961700372201449e-07 8.695903943589656e-07 0.0 
                      8.066074741464035e-08 0.8717678785324097 -0.4899192452430725 0.0 
                      -9.521720016891777e-07 0.4899192452430725 0.8717678189277649 0.0 
                      -4.1793434490955406e-08 1.0772427320480347 -3.2284856388287153e-07 1.0 
                    }
                  }
                  <VertexRef> {
                    468 469 477 478 486 494 495 517 524 525 532 533 534 535 540 541 542 543 548 549 550 551 556 557 558 559 564 565 566 567
                    <Scalar> membership { 1.000000 }  <Ref> { Cube }
                  }
                }
              }
            }
          }
        }
        <Joint> torso_ctrl {
          <Transform> {
            <Matrix4> {
              1.0 0.0 0.0 0.0 
              0.0 1.0 0.0 0.0 
              0.0 0.0 1.0 0.0 
              3.681724081161519e-08 0.2601199150085449 3.4317688941955566 1.0 
            }
          }
          <Joint> arm_pole_l {
            <Transform> {
              <Matrix4> {
                1.0 0.0 0.0 0.0 
                0.0 1.0 0.0 0.0 
                0.0 0.0 1.0 0.0 
                4.299983978271484 3.5698537826538086 -0.29999399185180664 1.0 
              }
            }
          }
          <Joint> arm_pole_r {
            <Transform> {
              <Matrix4> {
                1.0 0.0 0.0 0.0 
                0.0 1.0 0.0 0.0 
                0.0 0.0 1.0 0.0 
                -4.299983978271484 3.5698537826538086 -0.29999399185180664 1.0 
              }
            }
          }
          <Joint> hand_ctrl_l {
            <Transform> {
              <Matrix4> {
                -2.821299176503089e-07 -1.0 2.3841863594498136e-07 0.0 
                1.0 -2.821299744937278e-07 -2.384185791015625e-07 0.0 
                2.3841863594498136e-07 2.384185791015625e-07 1.0 0.0 
                6.677939414978027 0.006781339645385742 -0.18999385833740234 1.0 
              }
            }
            <Joint> thumb_l {
              <Transform> {
                <Matrix4> {
                  0.5943671464920044 -0.4898337125778198 0.6378013491630554 0.0 
                  0.7628780603408813 0.5943671464920044 -0.2544500231742859 0.0 
                  -0.2544499635696411 0.6378014087677002 0.7269556522369385 0.0 
                  0.34123945236206055 0.15355944633483887 -0.1311829686164856 1.0 
                }
              }
              <VertexRef> {
                581 598 870 871 876 877 884 908 911 918 919 927 932 933 934 935 940 941 942 943 948 949 950 951 956 957 958 959 964 965 966 967
                <Scalar> membership { 1.000000 }  <Ref> { Cube }
              }
            }
            <Joint> hand_ik_l {
              <Transform> {
                <Matrix4> {
                  2.543159212109458e-07 1.0 1.9867910339144146e-07 0.0 
                  9.560588296153583e-06 -1.9868093659169972e-07 1.0 0.0 
                  1.0 -2.543129085097462e-07 -9.560588296153583e-06 0.0 
                  -3.660888978629373e-07 5.823111450808938e-07 2.2526810994349944e-07 1.0 
                }
              }
            }
            <Joint> finger_ctrl_l {
              <Transform> {
                <Matrix4> {
                  0.795623242855072 0.3669877052307129 0.4819791316986084 0.0 
                  -6.4373016357421875e-06 0.7956234216690063 -0.6057915687561035 0.0 
                  -0.6057919859886169 0.48197871446609497 0.6330187916755676 0.0 
                  -4.852978463532054e-07 -1.3250373740447685e-06 -2.51569474585267e-07 1.0 
                }
              }
              <VertexRef> {
                572 573 574 575 877 878 884 885 886 887 893 894 900 901 902 903 908 909 910 911 917 918 924 925 926 927 932 933 941 948
                <Scalar> membership { 1.000000 }  <Ref> { Cube }
              }
              <Joint> finger_ik_l {
                <Transform> {
                  <Matrix4> {
                    0.43729349970817566 0.8977965712547302 0.05230644345283508 0.0 
                    0.5732954740524292 -0.3231050968170166 0.7529512643814087 0.0 
                    0.6928974390029907 -0.29927366971969604 -0.6559942960739136 0.0 
                    2.5331974029541016e-07 1.4196372032165527 1.9371509552001953e-07 1.0 
                  }
                }
              }
            }
          }
          <Joint> hand_ctrl_r {
            <Transform> {
              <Matrix4> {
                -2.821299176503089e-07 1.0 -2.3841863594498136e-07 0.0 
                -1.0 -2.821299744937278e-07 -2.384185791015625e-07 0.0 
                -2.3841863594498136e-07 2.384185791015625e-07 1.0 0.0 
                -6.677939414978027 0.006781339645385742 -0.18999385833740234 1.0 
              }
            }
            <Joint> thumb_r {
              <Transform> {
                <Matrix4> {
                  0.5943671464920044 0.4898337125778198 -0.6378013491630554 0.0 
                  -0.7628780603408813 0.5943671464920044 -0.2544500231742859 0.0 
                  0.2544499635696411 0.6378014087677002 0.7269556522369385 0.0 
                  -0.34123945236206055 0.15355944633483887 -0.1311829686164856 1.0 
                }
              }
              <VertexRef> {
                585 600 872 875 881 882 890 914 915 920 923 931 936 937 938 939 944 945 946 947 952 953 954 955 960 961 962 963 968 969 970 971
                <Scalar> membership { 1.000000 }  <Ref> { Cube }
              }
            }
            <Joint> hand_ik_r {
              <Transform> {
                <Matrix4> {
                  2.543159212109458e-07 -1.0 -1.9867910339144146e-07 0.0 
                  -9.560588296153583e-06 -1.9868093659169972e-07 1.0 0.0 
                  -1.0 -2.543129085097462e-07 -9.560588296153583e-06 0.0 
                  3.660888978629373e-07 5.823111450808938e-07 2.2526810994349944e-07 1.0 
                }
              }
            }
            <Joint> finger_ctrl_r {
              <Transform> {
                <Matrix4> {
                  0.795623242855072 -0.3669877052307129 -0.4819791316986084 0.0 
                  6.4373016357421875e-06 0.7956234216690063 -0.6057915687561035 0.0 
                  0.6057919859886169 0.48197871446609497 0.6330187916755676 0.0 
                  4.852978463532054e-07 -1.3250373740447685e-06 -2.51569474585267e-07 1.0 
                }
              }
              <VertexRef> {
                576 577 578 579 880 881 888 889 890 891 896 897 904 905 906 907 912 913 914 915 920 921 928 929 930 931 937 938 945 954
                <Scalar> membership { 1.000000 }  <Ref> { Cube }
              }
              <Joint> finger_ik_r {
                <Transform> {
                  <Matrix4> {
                    0.43729349970817566 -0.8977965712547302 -0.05230644345283508 0.0 
                    -0.5732954740524292 -0.3231050968170166 0.7529512643814087 0.0 
                    -0.6928974390029907 -0.29927366971969604 -0.6559942960739136 0.0 
                    -2.5331974029541016e-07 1.4196372032165527 1.9371509552001953e-07 1.0 
                  }
                }
              }
            }
            <Joint> sword {
              <Transform> {
                <Matrix4> {
                  -4.770320174429798e-07 -0.04737513139843941 0.9988771677017212 0.0 
                  -1.0 2.7992905415885616e-07 -4.642916735519975e-07 0.0 
                  -2.5761877964214364e-07 -0.9988771677017212 -0.04737513139843941 0.0 
                  0.8730989098548889 0.6220607757568359 -0.5417743921279907 1.0 
                }
              }
              <VertexRef> {
                24 25 26 27 28 29 30 31 32 33 34 35 36 37 38 39 40 41 42 43 44 45 46 47 48 49 50 51 52 53 54 55 56 57 58 59 60 61 62 63 64 65 66 67 68 69 70 71 72 73 74 75 76 77 78 79 80 81 82 83 84 85 86 87 88 89 90 91 92 93 94 95 96 97 98 99 100 101 102 103 104 105 106 107 108 109 110 111 112 113 114 115 116 117 118 119 120 121 122 123 124 125 126 127 128 129 130 131 132 133 134 135 136 137 138 139 140 141 142 143 144 145 146 147 148 149 150 151 152 153 154 155 156 157 158 159 160 161 162 163
                <Scalar> membership { 1.000000 }  <Ref> { Cube }
              }
            }
          }
          <Joint> upper_arm_l {
            <Transform> {
              <Matrix4> {
                0.11549718677997589 -0.9907841682434082 0.07076044380664825 0.0 
                0.9907841682434082 0.10983633249998093 -0.07926300168037415 0.0 
                0.07076045125722885 0.07926299422979355 0.9943390488624573 0.0 
                1.7999855279922485 0.292710542678833 -0.09999513626098633 1.0 
              }
            }
            <VertexRef> {
              166 167 173 181 182 196 199 212 221 228 229 236 237 238 239 244 247 252 253 254 255 260 263 604 605 606 607 612 613 614 615 620 621 622 623 628 629 630 631 636 637 638 639 644 645 646 647 652 653 654 655 660 661 662 663 668 669 670 671 678 679 684 685 686 687 693 694 700 703 708 709 710 711 724 725 726 727 732 733 734 735 740 743
              <Scalar> membership { 1.000000 }  <Ref> { Cube }
            }
            <Joint> lower_arm_l {
              <Transform> {
                <Matrix4> {
                  0.9328470826148987 -0.3277359902858734 -0.14961782097816467 0.0 
                  0.34352436661720276 0.9343005418777466 0.09525467455387115 0.0 
                  0.10856963694095612 -0.1402554214000702 0.9841448664665222 0.0 
                  3.725290298461914e-08 2.523242473602295 0.0 1.0 
                }
              }
              <VertexRef> {
                237 238 244 245 246 247 253 254 260 261 262 263 580 581 582 583 588 589 590 591 596 597 598 599 669 670 676 677 678 679 684 687 692 693 694 695 700 701 702 703 709 710 716 717 718 719 733 734 740 741 742 743 804 805 806 807 812 813 814 815 820 821 822 823 828 829 830 831 836 837 838 839 844 845 846 847 852 853 854 855 860 861 862 863 868 869 870 871 876 879 892 895 916 919 940 949 956 957
                <Scalar> membership { 1.000000 }  <Ref> { Cube }
              }
              <Joint> palm_l {
                <Transform> {
                  <Matrix4> {
                    0.7088418006896973 0.5152451395988464 0.4817321300506592 0.0 
                    -0.1570112109184265 0.7810732126235962 -0.6043773889541626 0.0 
                    -0.6876705884933472 0.3527706265449524 0.6345565319061279 0.0 
                    -7.450580596923828e-08 2.4461588859558105 -1.6298145055770874e-07 1.0 
                  }
                }
                <VertexRef> {
                  581 582 589 590 597 598 870 871 876 877 878 879 884 887 892 893 894 895 900 903 908 911 916 917 918 919 924 927 932 933 940 941 948 949 956 957
                  <Scalar> membership { 1.000000 }  <Ref> { Cube }
                }
                <Joint> fingers_l {
                  <Transform> {
                    <Matrix4> {
                      0.992735743522644 0.06624224781990051 0.10043786466121674 0.0 
                      -0.05770355835556984 0.9946519732475281 -0.08566116541624069 0.0 
                      -0.1055750846862793 0.07924333214759827 0.9912489652633667 0.0 
                      -2.9802322387695312e-08 0.6264050602912903 8.940696716308594e-08 1.0 
                    }
                  }
                }
              }
            }
          }
          <Joint> upper_arm_r {
            <Transform> {
              <Matrix4> {
                0.11549718677997589 0.9907841682434082 -0.07076044380664825 0.0 
                -0.9907841682434082 0.10983633249998093 -0.07926300168037415 0.0 
                -0.07076045125722885 0.07926299422979355 0.9943390488624573 0.0 
                -1.7999855279922485 0.292710542678833 -0.09999513626098633 1.0 
              }
            }
            <VertexRef> {
              168 171 177 184 185 202 203 218 225 233 234 240 241 242 243 250 251 256 257 258 259 266 267 608 609 610 611 616 617 618 619 624 625 626 627 632 633 634 635 640 641 642 643 648 649 650 651 656 657 658 659 664 665 666 667 672 673 674 675 680 683 688 689 690 691 696 697 706 707 712 713 714 715 728 729 730 731 736 737 738 739 746 747
              <Scalar> membership { 1.000000 }  <Ref> { Cube }
            }
            <Joint> lower_arm_r {
              <Transform> {
                <Matrix4> {
                  0.9328470826148987 0.3277359902858734 0.14961782097816467 0.0 
                  -0.34352436661720276 0.9343005418777466 0.09525467455387115 0.0 
                  -0.10856963694095612 -0.1402554214000702 0.9841448664665222 0.0 
                  -3.725290298461914e-08 2.523242473602295 0.0 1.0 
                }
              }
              <VertexRef> {
                240 241 248 249 250 251 256 257 264 265 266 267 584 585 586 587 592 593 594 595 600 601 602 603 672 673 680 681 682 683 690 691 696 697 698 699 704 705 706 707 712 713 720 721 722 723 736 737 744 745 746 747 808 809 810 811 816 817 818 819 824 825 826 827 832 833 834 835 840 841 842 843 848 849 850 851 856 857 858 859 864 865 866 867 872 873 874 875 882 883 898 899 922 923 946 953 961 962
                <Scalar> membership { 1.000000 }  <Ref> { Cube }
              }
              <Joint> palm_r {
                <Transform> {
                  <Matrix4> {
                    0.7088418006896973 -0.5152451395988464 -0.4817321300506592 0.0 
                    0.1570112109184265 0.7810732126235962 -0.6043773889541626 0.0 
                    0.6876705884933472 0.3527706265449524 0.6345565319061279 0.0 
                    7.450580596923828e-08 2.4461588859558105 -1.6298145055770874e-07 1.0 
                  }
                }
                <VertexRef> {
                  584 585 592 593 600 601 872 875 880 881 882 883 890 891 896 897 898 899 906 907 914 915 920 921 922 923 930 931 937 938 945 946 953 954 961 962
                  <Scalar> membership { 1.000000 }  <Ref> { Cube }
                }
                <Joint> fingers_r {
                  <Transform> {
                    <Matrix4> {
                      0.992735743522644 -0.06624224781990051 -0.10043786466121674 0.0 
                      0.05770355835556984 0.9946519732475281 -0.08566116541624069 0.0 
                      0.1055750846862793 0.07924333214759827 0.9912489652633667 0.0 
                      2.9802322387695312e-08 0.6264050602912903 8.940696716308594e-08 1.0 
                    }
                  }
                }
              }
            }
          }
          <Joint> cape_1 {
            <Transform> {
              <Matrix4> {
                1.0 -1.2026769355157594e-16 -1.503482951980791e-16 0.0 
                0.0 0.7808965444564819 -0.6246603727340698 0.0 
                1.9253293148639722e-16 0.6246603727340698 0.7808965444564819 0.0 
                -3.681724081161519e-08 0.732532262802124 1.2263069152832031 1.0 
              }
            }
            <VertexRef> {
              0 1 2 3 4 5 6 7 8 9 13 14
              <Scalar> membership { 1.000000 }  <Ref> { Cube }
            }
            <Joint> cape_2 {
              <Transform> {
                <Matrix4> {
                  1.0 -4.29930535617018e-09 -4.578731005455694e-10 0.0 
                  3.643327417535147e-09 0.8949407935142517 -0.4461848735809326 0.0 
                  2.3280541938675015e-09 0.4461848735809326 0.8949407935142517 0.0 
                  0.0 1.9400137662887573 3.5762786865234375e-07 1.0 
                }
              }
              <VertexRef> {
                2 3 4 7 8 9 10 11 12 13 14 15 16 17 21 22
                <Scalar> membership { 1.000000 }  <Ref> { Cube }
              }
              <Joint> cape_3 {
                <Transform> {
                  <Matrix4> {
                    1.0 3.6433287498027767e-09 2.328055304090526e-09 0.0 
                    -4.133910991299672e-09 0.9634316563606262 0.2679542005062103 0.0 
                    -1.2666764304114508e-09 -0.2679542005062103 0.9634316563606262 0.0 
                    -1.3322676295501878e-15 5.194583415985107 -2.384185791015625e-07 1.0 
                  }
                }
                <VertexRef> {
                  10 11 12 15 16 17 18 19 20 21 22 23
                  <Scalar> membership { 1.000000 }  <Ref> { Cube }
                }
              }
            }
          }
        }
      }
    }
    <Group> Cube {
      <Transform> {
        <Matrix4> {
          1.0 0.0 0.0 0.0 
          0.0 1.0 0.0 0.0 
          0.0 0.0 1.0 0.0 
          0.0 0.0 -1.3000000715255737 1.0 
        }
      }
      
      <VertexPool> Cube {
      
        <Vertex> 0 {0.000000 1.309679 5.539101
        <Normal> { 0.000000 0.576373 0.817164 }
          <UV>  {
            0.848379 0.389258 
          }
        }
        <Vertex> 1 {2.911512 0.861378 6.338396
        <Normal> { -0.157109 0.569231 0.807001 }
          <UV>  {
            0.777603 0.412469 
          }
        }
        <Vertex> 2 {3.048803 2.366005 5.387668
        <Normal> { -0.091952 0.776574 0.623249 }
          <UV>  {
            0.775839 0.361753 
          }
        }
        <Vertex> 3 {0.000000 2.459853 4.643986
        <Normal> { 0.000000 0.795831 0.605487 }
          <UV>  {
            0.848375 0.350982 
          }
        }
        <Vertex> 4 {-3.048803 2.366005 5.387668
        <Normal> { 0.091952 0.776574 0.623249 }
          <UV>  {
            0.920919 0.361753 
          }
        }
        <Vertex> 5 {-2.911512 0.861378 6.338396
        <Normal> { 0.157109 0.569231 0.807001 }
          <UV>  {
            0.919156 0.412469 
          }
        }
        <Vertex> 6 {0.000000 1.309679 5.539101
        <Normal> { 0.000000 0.576373 0.817164 }
          <UV>  {
            0.848379 0.389258 
          }
        }
        <Vertex> 7 {0.000000 2.459853 4.643986
        <Normal> { 0.000000 0.795831 0.605487 }
          <UV>  {
            0.848375 0.350982 
          }
        }
        <Vertex> 8 {0.000000 2.459853 4.643986
        <Normal> { 0.000000 0.795831 0.605487 }
          <UV>  {
            0.848375 0.350982 
          }
        }
        <Vertex> 9 {3.048803 2.366005 5.387668
        <Normal> { -0.091952 0.776574 0.623249 }
          <UV>  {
            0.775839 0.361753 
          }
        }
        <Vertex> 10 {5.660146 4.698998 -0.083005
        <Normal> { 0.008057 0.827113 0.561937 }
          <UV>  {
            0.711987 0.218696 
          }
        }
        <Vertex> 11 {0.000000 4.559674 0.248425
        <Normal> { 0.000000 0.847713 0.530412 }
          <UV>  {
            0.848361 0.203039 
          }
        }
        <Vertex> 12 {-5.660146 4.698998 -0.083005
        <Normal> { -0.008057 0.827113 0.561937 }
          <UV>  {
            0.984772 0.218696 
          }
        }
        <Vertex> 13 {-3.048803 2.366005 5.387668
        <Normal> { 0.091952 0.776574 0.623249 }
          <UV>  {
            0.920919 0.361753 
          }
        }
        <Vertex> 14 {0.000000 2.459853 4.643986
        <Normal> { 0.000000 0.795831 0.605487 }
          <UV>  {
            0.848375 0.350982 
          }
        }
        <Vertex> 15 {0.000000 4.559674 0.248425
        <Normal> { 0.000000 0.847713 0.530412 }
          <UV>  {
            0.848361 0.203039 
          }
        }
        <Vertex> 16 {0.000000 4.559674 0.248425
        <Normal> { 0.000000 0.847713 0.530412 }
          <UV>  {
            0.848361 0.203039 
          }
        }
        <Vertex> 17 {5.660146 4.698998 -0.083005
        <Normal> { 0.008057 0.827113 0.561937 }
          <UV>  {
            0.711987 0.218696 
          }
        }
        <Vertex> 18 {6.124523 10.408758 -6.777126
        <Normal> { 0.028687 0.755730 0.654225 }
          <UV>  {
            0.700608 0.006580 
          }
        }
        <Vertex> 19 {0.000000 10.125473 -6.103235
        <Normal> { 0.000000 0.756066 0.654469 }
          <UV>  {
            0.848379 0.023241 
          }
        }
        <Vertex> 20 {-6.124523 10.408758 -6.777126
        <Normal> { -0.028687 0.755730 0.654225 }
          <UV>  {
            0.996150 0.006580 
          }
        }
        <Vertex> 21 {-5.660146 4.698998 -0.083005
        <Normal> { -0.008057 0.827113 0.561937 }
          <UV>  {
            0.984772 0.218696 
          }
        }
        <Vertex> 22 {0.000000 4.559674 0.248425
        <Normal> { 0.000000 0.847713 0.530412 }
          <UV>  {
            0.848361 0.203039 
          }
        }
        <Vertex> 23 {0.000000 10.125473 -6.103235
        <Normal> { 0.000000 0.756066 0.654469 }
          <UV>  {
            0.848379 0.023241 
          }
        }
        <Vertex> 24 {-7.226023 -0.445643 3.842714
        <Normal> { 0.382488 -0.229926 -0.894864 }
          <UV>  {
            0.951789 0.423890 
          }
        }
        <Vertex> 25 {-7.447210 -0.568658 3.687837
        <Normal> { 0.845546 -0.147496 -0.513077 }
          <UV>  {
            0.941896 0.428397 
          }
        }
        <Vertex> 26 {-7.698159 -0.514734 3.512121
        <Normal> { -0.219855 -0.203101 -0.954131 }
          <UV>  {
            0.930672 0.426422 
          }
        }
        <Vertex> 27 {-7.735935 1.522880 3.485670
        <Normal> { 0.195746 0.831355 -0.520066 }
          <UV>  {
            0.928982 0.351768 
          }
        }
        <Vertex> 28 {-7.093353 -1.500806 3.935610
        <Normal> { 0.554674 0.070132 -0.829066 }
          <UV>  {
            0.957723 0.462549 
          }
        }
        <Vertex> 29 {-6.949522 -1.600778 4.036322
        <Normal> { 0.878445 0.262978 -0.398907 }
          <UV>  {
            0.964156 0.466212 
          }
        }
        <Vertex> 30 {-6.733842 -1.775431 4.187343
        <Normal> { 0.990539 -0.134922 0.023927 }
          <UV>  {
            0.973802 0.472611 
          }
        }
        <Vertex> 31 {-7.157412 -1.662325 3.890756
        <Normal> { -0.092074 -0.283303 -0.954588 }
          <UV>  {
            0.954858 0.468467 
          }
        }
        <Vertex> 32 {-6.948272 -0.445643 4.037198
        <Normal> { 0.984832 -0.000458 -0.173437 }
          <UV>  {
            0.964212 0.423890 
          }
        }
        <Vertex> 33 {-6.949522 -1.600778 4.036322
        <Normal> { 0.878445 0.262978 -0.398907 }
          <UV>  {
