<CoordinateSystem> { Z-up } 
<Material> Material.003 {
  <Scalar> diffr { 0 }
  <Scalar> diffg { 0 }
  <Scalar> diffb { 0 }
  <Scalar> ambr { 0 }
  <Scalar> ambg { 0 }
  <Scalar> ambb { 0 }
  <Scalar> emitr { 0.800000 }
  <Scalar> emitg { 0.800000 }
  <Scalar> emitb { 0.800000 }
}

<Texture> Tex.001 {
  "./tex/priest_texture.png"
  <Scalar> envtype { MODULATE }
  <Scalar> minfilter { LINEAR_MIPMAP_LINEAR }
  <Scalar> magfilter { LINEAR_MIPMAP_LINEAR }
  <Scalar> wrap { REPEAT }
}

  <Group> Lamp {
    <Transform> {
      <Matrix4> {
        -0.29086464643478394 0.9551711678504944 -0.05518905818462372 0.0 
        -0.7711008191108704 -0.1998833566904068 0.6045247316360474 0.0 
        0.5663931965827942 0.21839119493961334 0.7946722507476807 0.0 
        4.076245307922363 1.0054539442062378 5.903861999511719 1.0 
      }
    }
    
  }
  <Group> Camera {
    <Transform> {
      <Matrix4> {
        0.6858805418014526 0.7276337742805481 -0.010816780850291252 0.0 
        -0.31737011671066284 0.31246861815452576 0.8953432440757751 0.0 
        0.6548618674278259 -0.6106656193733215 0.4452453553676605 0.0 
        24.513835906982422 -22.390819549560547 15.278921127319336 1.0 
      }
    }
    
  }
  <Group> Armature {
    <Dart> { 1 }
    <Joint> global {
      <Transform> {
        <Matrix4> {
          1.0 0.0 0.0 0.0 
          0.0 -4.371138828673793e-08 1.0 0.0 
          0.0 -1.0 -4.371138828673793e-08 0.0 
          0.0 0.4000000059604645 -9.40000057220459 1.0 
        }
      }
      <Joint> knee_pole_l {
        <Transform> {
          <Matrix4> {
            -1.0 1.5099580252808664e-07 0.0 0.0 
            6.6002361555513294e-15 4.371138828673793e-08 1.0 0.0 
            1.5099580252808664e-07 1.0 -4.371138828673793e-08 0.0 
            0.8565577268600464 4.59999942779541 5.352601528167725 1.0 
          }
        }
      }
      <Joint> knee_pole_r {
        <Transform> {
          <Matrix4> {
            -1.0 1.5099580252808664e-07 0.0 0.0 
            6.6002361555513294e-15 4.371138828673793e-08 1.0 0.0 
            1.5099580252808664e-07 1.0 -4.371138828673793e-08 0.0 
            -0.8565577268600464 4.59999942779541 5.352601528167725 1.0 
          }
        }
      }
      <Joint> foot_ctrl_l {
        <Transform> {
          <Matrix4> {
            1.0 0.0 0.0 0.0 
            0.0 -4.371138828673793e-08 -1.0 0.0 
            0.0 1.0 -4.371138828673793e-08 0.0 
            0.9000000953674316 0.16554543375968933 -0.15196220576763153 1.0 
          }
        }
        <Joint> ball_ctrl_l {
          <Transform> {
            <Matrix4> {
              1.0 -2.0994633587179123e-07 -9.244453735846037e-08 0.0 
              2.0994633587179123e-07 0.6752021908760071 0.737632691860199 0.0 
              -9.244453735846037e-08 -0.737632691860199 0.6752021908760071 0.0 
              -1.7881393432617188e-07 -0.7270265817642212 0.10620403289794922 1.0 
            }
          }
          <Joint> ankle_l {
            <Transform> {
              <Matrix4> {
                0.999871551990509 0.0001613352505955845 0.016026696190238 0.0 
                0.011713171377778053 -0.6898944973945618 -0.7238151431083679 0.0 
                0.010939951986074448 0.7239097952842712 -0.6898079514503479 0.0 
                -1.3458667069699004e-08 0.8517125844955444 -4.110256384137756e-07 1.0 
              }
            }
          }
        }
        <Joint> toe_ctrl_l {
          <Transform> {
            <Matrix4> {
              1.0 4.7049088180983745e-08 -9.018722266773693e-07 0.0 
              -9.063286654509284e-08 -0.9883719086647034 -0.1520557552576065 0.0 
              -8.985392696558847e-07 0.1520557552576065 -0.9883719086647034 0.0 
              -1.7881393432617188e-07 -0.7270265817642212 0.10620403289794922 1.0 
            }
          }
        }
      }
      <Joint> foot_ctrl_r {
        <Transform> {
          <Matrix4> {
            1.0 0.0 0.0 0.0 
            0.0 -4.371138828673793e-08 -1.0 0.0 
            0.0 1.0 -4.371138828673793e-08 0.0 
            -0.9000000953674316 0.16554543375968933 -0.15196220576763153 1.0 
          }
        }
        <Joint> ball_ctrl_r {
          <Transform> {
            <Matrix4> {
              1.0 2.0994633587179123e-07 9.244453735846037e-08 0.0 
              -2.0994633587179123e-07 0.6752021908760071 0.737632691860199 0.0 
              9.244453735846037e-08 -0.737632691860199 0.6752021908760071 0.0 
              1.7881393432617188e-07 -0.7270265817642212 0.10620403289794922 1.0 
            }
          }
          <Joint> ankle_r {
            <Transform> {
              <Matrix4> {
                0.999871551990509 -0.0001613352505955845 -0.016026696190238 0.0 
                -0.011713171377778053 -0.6898944973945618 -0.7238151431083679 0.0 
                -0.010939951986074448 0.7239097952842712 -0.6898079514503479 0.0 
                1.3458667069699004e-08 0.8517125844955444 -4.110256384137756e-07 1.0 
              }
            }
          }
        }
        <Joint> toe_ctrl_r {
          <Transform> {
            <Matrix4> {
              1.0 -4.7049088180983745e-08 9.018722266773693e-07 0.0 
              9.063286654509284e-08 -0.9883719086647034 -0.1520557552576065 0.0 
              8.985392696558847e-07 0.1520557552576065 -0.9883719086647034 0.0 
              1.7881393432617188e-07 -0.7270265817642212 0.10620403289794922 1.0 
            }
          }
        }
      }
      <Joint> body_ctrl {
        <Transform> {
          <Matrix4> {
            1.0 0.0 0.0 0.0 
            0.0 -4.371138828673793e-08 -1.0 0.0 
            0.0 1.0 -4.371138828673793e-08 0.0 
            0.0 9.40000057220459 0.39999958872795105 1.0 
          }
        }
        <Joint> spine_1 {
          <Transform> {
            <Matrix4> {
              0.9999998807907104 1.225754573397353e-07 2.2765735963048428e-08 0.0 
              8.135714324453147e-13 -0.18261195719242096 0.9831849932670593 0.0 
              1.246716720970653e-07 -0.9831849932670593 -0.18261195719242096 0.0 
              0.0 0.0 0.0 1.0 
            }
          }
          <VertexRef> {
            110 111 112 115 118 119 120 123 126 127 128 131 132 133 134 135 136 137 138 139 140 141 142 143 144 145 146 147 148 151 154 155 236 237 238 239 240 241 242 243 244 245 249 250 252 255 258 259 555 558
            <Scalar> membership { 1.000000 }  <Ref> { Cube }
          }
          <VertexRef> {
            485 489 492 498 501 502 504 505 508 511 514 515 517 518 520 521 524 527 530 531 534 536 543 547
            <Scalar> membership { 0.000000 }  <Ref> { Cube }
          }
          <Joint> spine_2 {
            <Transform> {
              <Matrix4> {
                1.0 3.955925720333653e-08 2.519458917049633e-07 0.0 
                3.7002855890477804e-08 0.9549372792243958 -0.29680758714675903 0.0 
                -2.523340185689449e-07 0.29680758714675903 0.9549372792243958 0.0 
                2.704542319265091e-15 1.1212280988693237 -1.4901161193847656e-08 1.0 
              }
            }
            <VertexRef> {
              103 107 110 111 112 115 116 118 119 120 122 123 126 127 128 131 132 133 137 138 140 141 145 146 236 239 242 243
              <Scalar> membership { 1.000000 }  <Ref> { Cube }
            }
            <VertexRef> {
              109 113 574 580 814 819
              <Scalar> membership { 0.501553 }  <Ref> { Cube }
            }
            <VertexRef> {
              108 114 125 129 500 506 519 523 562 563 575 579
              <Scalar> membership { 0.500236 }  <Ref> { Cube }
            }
            <VertexRef> {
              102 104 117 121 124 130 516 522 535 539
              <Scalar> membership { 0.601261 }  <Ref> { Cube }
            }
            <Joint> spine_3 {
              <Transform> {
                <Matrix4> {
                  1.0 6.734736501812222e-08 1.2639026181204827e-07 0.0 
                  -2.0599843608692936e-08 0.9409934878349304 -0.33842456340789795 0.0 
                  -1.4172444195992284e-07 0.33842456340789795 0.9409934878349304 0.0 
                  3.5340654014337503e-15 1.3948241472244263 4.842877388000488e-08 1.0 
                }
              }
              <VertexRef> {
                84 85 86 87 88 89 90 91 92 93 94 95 96 97 98 99 100 101 102 103 104 105 106 107 108 109 113 114 116 117 121 122 124 125 129 130 484 487 490 491 500 503 506 507 516 519 522 523 532 535 538 539 560 561 562 563 564 565 566 567 568 569 570 571 572 573 574 575 576 577 578 579 580 581 806 807 808 809 810 811 812 813 814 815 816 817 818 819 852 855 858 859 860 861 865 866 868 871 874 875
                <Scalar> membership { 1.000000 }  <Ref> { Cube }
              }
              <VertexRef> {
                517 521 524 530 534 536 543 547
                <Scalar> membership { 0.080483 }  <Ref> { Cube }
              }
              <VertexRef> {
                485 486 488 489 492 495 498 499 501 502 504 505 508 511 514 515 518 520 527 531 533 537 540 546
                <Scalar> membership { 0.500000 }  <Ref> { Cube }
              }
              <Joint> neck {
                <Transform> {
                  <Matrix4> {
                    1.0 7.870650620134256e-08 -4.88254670472088e-07 0.0 
                    9.59933075250774e-08 0.9375894069671631 0.3477441370487213 0.0 
                    4.851521566706651e-07 -0.3477441370487213 0.9375894069671631 0.0 
                    -1.4210854715202004e-14 1.5023596286773682 5.960463411724959e-08 1.0 
                  }
                }
                <VertexRef> {
                  84 85 89 90 92 95 98 99 566 572 807 808 810 811 821 822 824 825 828 831 834 835 845 846 848 849 852 853 854 855 856 857 858 859 860 861 862 863 864 865 866 867 868 869 870 871 872 873 874 875 900 906 908 911 914 915 916 918 920 922 924 925 929 930
                  <Scalar> membership { 1.000000 }  <Ref> { Cube }
                }
                <VertexRef> {
                  903 907 917 921
                  <Scalar> membership { 0.999756 }  <Ref> { Cube }
                }
                <Joint> skull {
                  <Transform> {
                    <Matrix4> {
                      1.0 -1.688510131714338e-08 2.528053357764293e-07 0.0 
                      -7.148939573653479e-08 0.9384323358535767 0.3454631268978119 0.0 
                      -2.4307385615429666e-07 -0.3454631268978119 0.9384323358535767 0.0 
                      0.0 0.8855600357055664 -2.9802308176840597e-08 1.0 
                    }
                  }
                  <VertexRef> {
                    820 821 822 823 824 825 826 827 828 829 830 831 832 833 834 835 836 837 838 839 840 841 842 843 844 845 846 847 848 849 850 851 853 854 856 857 862 863 864 867 869 870 872 873 876 877 878 879 880 881 882 883 884 885 886 887 888 889 890 891 892 893 894 895 896 897 898 899 901 902 904 905 909 910 912 913 948 949 950 951 952 953 954 955 956 957 958 959 960 961 962 963 964 965 966 967 968 969 970 971 972 973 974 975 976 977 978 979 980 981 982 983 984 985 986 987 988 989 990 991 992 993 994 995
                    <Scalar> membership { 1.000000 }  <Ref> { Cube }
                  }
                }
              }
            }
          }
        }
        <Joint> pelvis {
          <Transform> {
            <Matrix4> {
              1.0 -2.2555892087439133e-07 -8.093397913661038e-13 0.0 
              -1.5451947447259196e-12 -3.262362270106678e-06 -1.0 0.0 
              2.2555892087439133e-07 1.0 -3.262362270106678e-06 0.0 
              0.0 0.0 0.0 1.0 
            }
          }
          <VertexRef> {
            134 135 136 139 142 143 144 147 148 149 150 151 152 153 154 155 237 238 240 241 244 245 249 250 252 254 255 256 258 259 421 425 428 434 436 437 441 442 548 549 550 551 552 553 555 556 557 558
            <Scalar> membership { 1.000000 }  <Ref> { Cube }
          }
          <Joint> thigh_r {
            <Transform> {
              <Matrix4> {
                0.9984741806983948 0.04093431681394577 0.03706440329551697 0.0 
                -0.03706422820687294 0.9943292140960693 -0.099678173661232 0.0 
                -0.040934447199106216 0.09815231710672379 0.9943292737007141 0.0 
                -0.7000001072883606 0.5999985933303833 0.36848509311676025 1.0 
              }
            }
            <VertexRef> {
              135 136 139 144 147 150 151 152 153 154 155 237 240 241 245 248 249 250 251 256 257 258 259 421 424 425 426 427 432 433 434 435 436 440 441 442 443 448 449 450 451 548 549 551 552 553 555 556 557 558 559 636 637 652 653 668 669 692 693 706 707 722 723 724 725 732 733
              <Scalar> membership { 1.000000 }  <Ref> { Cube }
            }
            <Joint> shin_r {
              <Transform> {
                <Matrix4> {
                  0.9992073178291321 -0.027965914458036423 -0.02832953818142414 0.0 
                  0.0334937646985054 0.9752301573753357 0.21864178776741028 0.0 
                  0.021513313055038452 -0.21941736340522766 0.9753938317298889 0.0 
                  1.862645149230957e-08 4.223954677581787 2.9802322387695312e-08 1.0 
                }
              }
              <VertexRef> {
                170 171 178 179 186 187 193 194 201 210 360 361 362 363 368 369 370 371 376 377 378 379 384 385 386 387 392 393 394 395 400 401 402 403 408 409 410 411 416 417 418 419 634 635 642 643 644 645 650 651 658 659 660 661 666 667 674 675 676 677 682 683 684 685 690 691 698 699 700 701 708 709 714 715 716 717 730 731 738 739 740 741
                <Scalar> membership { 1.000000 }  <Ref> { Cube }
              }
              <Joint> foot_r {
                <Transform> {
                  <Matrix4> {
                    0.999879002571106 -0.011653940193355083 -0.010314125567674637 0.0 
                    -0.00026012727175839245 0.6501415967941284 -0.7598130702972412 0.0 
                    0.015560458414256573 0.7597239017486572 0.6500598788261414 0.0 
                    -3.3527612686157227e-08 3.7278053760528564 3.259629011154175e-08 1.0 
                  }
                }
                <VertexRef> {
                  160 161 162 163 168 169 170 171 176 177 178 179 184 185 186 187 193 194 201 202 209 210 217 218 368 369 384 385 400 401 416 417
                  <Scalar> membership { 1.000000 }  <Ref> { Cube }
                }
                <Joint> toes_r {
                  <Transform> {
                    <Matrix4> {
                      1.0 5.245690886113152e-07 5.789532337985293e-07 0.0 
                      -4.627075611551845e-08 0.7795215845108032 -0.6263755559921265 0.0 
                      -7.798836918482266e-07 0.6263754963874817 0.7795215845108032 0.0 
                      2.8624921100117717e-08 0.85170978307724 -1.4678741422358144e-07 1.0 
                    }
                  }
                  <VertexRef> {
                    161 162 168 171 185 186 192 193 194 195 200 201 202 203 208 209 210 211 216 217 218 219 224 225 226 227 385 400 401 416
                    <Scalar> membership { 1.000000 }  <Ref> { Cube }
                  }
                }
              }
            }
          }
          <Joint> thigh_l {
            <Transform> {
              <Matrix4> {
                0.9984741806983948 -0.040934301912784576 -0.037063952535390854 0.0 
                0.037064261734485626 0.9943292140960693 -0.0996781438589096 0.0 
                0.0409339964389801 0.09815230220556259 0.9943292140960693 0.0 
                0.699999988079071 0.5999985933303833 0.36848539113998413 1.0 
              }
            }
            <VertexRef> {
              134 135 139 142 143 148 149 150 151 152 155 237 238 241 244 245 246 247 249 252 253 254 255 420 421 422 423 425 428 429 430 431 436 437 438 439 442 444 445 446 447 548 549 550 552 553 554 555 556 557 558 630 633 646 649 662 665 686 689 703 704 718 719 720 721 726 729
              <Scalar> membership { 1.000000 }  <Ref> { Cube }
            }
            <Joint> shin_l {
              <Transform> {
                <Matrix4> {
                  0.9992073178291321 0.027965914458036423 0.02832954376935959 0.0 
                  -0.033493772149086 0.9752301573753357 0.21864178776741028 0.0 
                  -0.02151331678032875 -0.21941736340522766 0.9753938317298889 0.0 
                  -4.819594323635101e-08 4.223954677581787 0.0 1.0 
                }
              }
              <VertexRef> {
                164 167 172 175 180 183 188 189 197 204 356 357 358 359 364 365 366 367 372 373 374 375 380 381 382 383 388 389 390 391 396 397 398 399 404 405 406 407 412 413 414 415 631 632 638 639 640 641 647 648 654 655 656 657 663 664 670 671 672 673 678 679 680 681 687 688 694 695 696 697 702 705 710 711 712 713 727 728 734 735 736 737
                <Scalar> membership { 1.000000 }  <Ref> { Cube }
              }
              <Joint> foot_l {
                <Transform> {
                  <Matrix4> {
                    0.999879002571106 0.011653929948806763 0.010314115323126316 0.0 
                    0.00026012773741967976 0.6501415967941284 -0.7598130702972412 0.0 
                    -0.01556044165045023 0.7597238421440125 0.6500598788261414 0.0 
                    4.470348358154297e-08 3.7278058528900146 -5.494803190231323e-08 1.0 
                  }
                }
                <VertexRef> {
                  156 157 158 159 164 165 166 167 172 173 174 175 180 181 182 183 188 189 196 197 204 205 212 213 365 366 381 382 397 398 413 414
                  <Scalar> membership { 1.000000 }  <Ref> { Cube }
                }
                <Joint> toes_l {
                  <Transform> {
                    <Matrix4> {
                      1.0 -5.272162297842442e-07 -5.822475941386074e-07 0.0 
                      4.627077032637317e-08 0.7795215845108032 -0.6263754963874817 0.0 
                      7.841098295102711e-07 0.6263755559921265 0.7795215845108032 0.0 
                      1.52806158837393e-08 0.8517098426818848 2.9117248345755797e-07 1.0 
                    }
                  }
                  <VertexRef> {
                    156 157 166 167 180 181 188 189 190 191 196 197 198 199 204 205 206 207 212 213 214 215 220 221 222 223 381 397 398 414
                    <Scalar> membership { 1.000000 }  <Ref> { Cube }
                  }
                }
              }
            }
          }
        }
        <Joint> torso_ctrl {
          <Transform> {
            <Matrix4> {
              1.0 0.0 0.0 0.0 
              0.0 1.0 0.0 0.0 
              0.0 0.0 1.0 0.0 
              3.6816164339370516e-08 0.6299786567687988 3.8317718505859375 1.0 
            }
          }
          <Joint> arm_pole_l {
            <Transform> {
              <Matrix4> {
                1.0 0.0 0.0 0.0 
                0.0 1.0 0.0 0.0 
                0.0 0.0 1.0 0.0 
                4.299983978271484 3.1999950408935547 -0.4999969005584717 1.0 
              }
            }
          }
          <Joint> arm_pole_r {
            <Transform> {
              <Matrix4> {
                1.0 0.0 0.0 0.0 
                0.0 1.0 0.0 0.0 
                0.0 0.0 1.0 0.0 
                -4.299983978271484 3.1999950408935547 -0.4999969005584717 1.0 
              }
            }
          }
          <Joint> hand_ctrl_l {
            <Transform> {
              <Matrix4> {
                -2.821299176503089e-07 -1.0 2.3841863594498136e-07 0.0 
                1.0 -2.821299744937278e-07 -2.384185791015625e-07 0.0 
                2.3841863594498136e-07 2.384185791015625e-07 1.0 0.0 
                6.797939300537109 -0.2630774974822998 -0.24999666213989258 1.0 
              }
            }
            <Joint> thumb_l {
              <Transform> {
                <Matrix4> {
                  0.66173255443573 -0.6915609836578369 0.28957462310791016 0.0 
                  0.7411324977874756 0.6617327332496643 -0.11328001320362091 0.0 
                  -0.11328098922967911 0.2895742654800415 0.9504284262657166 0.0 
                  0.34123948216438293 0.15355929732322693 -4.535398147709202e-06 1.0 
                }
              }
              <VertexRef> {
                260 261 268 292 295 302 303 311 316 317 318 319 324 325 326 327 332 333 334 335 340 341 342 343 348 349 350 351 454 470 471 478
                <Scalar> membership { 1.000000 }  <Ref> { Cube }
              }
            }
            <Joint> hand_ik_l {
              <Transform> {
                <Matrix4> {
                  2.543159212109458e-07 1.0 1.9867910339144146e-07 0.0 
                  9.560588296153583e-06 -1.9868093659169972e-07 1.0 0.0 
                  1.0 -2.543129085097462e-07 -9.560588296153583e-06 0.0 
                  -3.7848673173357383e-07 4.730358114102273e-07 2.777201473236346e-07 1.0 
                }
              }
            }
            <Joint> finger_ctrl_l {
              <Transform> {
                <Matrix4> {
                  0.9866019487380981 0.0266237985342741 0.1609591543674469 0.0 
                  -7.316470146179199e-06 0.9866019487380981 -0.16314616799354553 0.0 
                  -0.16314619779586792 0.1609591543674469 0.9733835458755493 0.0 
                  -4.976956802238419e-07 -1.434312707715435e-06 -1.9911743720513186e-07 1.0 
                }
              }
              <Joint> finger_ik_l {
                <Transform> {
                  <Matrix4> {
                    0.2876650094985962 0.9368831515312195 -0.1987435668706894 0.0 
                    0.16111581027507782 0.1572180688381195 0.9743325710296631 0.0 
                    0.9440817832946777 -0.3123021125793457 -0.10572054982185364 0.0 
                    -2.9802322387695312e-08 1.2259211540222168 -6.444752216339111e-07 1.0 
                  }
                }
              }
            }
          }
          <Joint> hand_ctrl_r {
            <Transform> {
              <Matrix4> {
                -2.821299176503089e-07 1.0 -2.3841863594498136e-07 0.0 
                -1.0 -2.821299744937278e-07 -2.384185791015625e-07 0.0 
                -2.3841863594498136e-07 2.384185791015625e-07 1.0 0.0 
                -6.797939300537109 -0.2630774974822998 -0.24999666213989258 1.0 
              }
            }
            <Joint> thumb_r {
              <Transform> {
                <Matrix4> {
                  0.66173255443573 0.6915609836578369 -0.28957462310791016 0.0 
                  -0.7411324977874756 0.6617327332496643 -0.11328001320362091 0.0 
                  0.11328098922967911 0.2895742654800415 0.9504284262657166 0.0 
                  -0.34123948216438293 0.15355929732322693 -4.535398147709202e-06 1.0 
                }
              }
              <VertexRef> {
                265 266 274 298 299 304 307 315 320 321 322 323 328 329 330 331 336 337 338 339 344 345 346 347 352 353 354 355 456 472 475 480
                <Scalar> membership { 1.000000 }  <Ref> { Cube }
              }
            }
            <Joint> hand_ik_r {
              <Transform> {
                <Matrix4> {
                  2.543159212109458e-07 -1.0 -1.9867910339144146e-07 0.0 
                  -9.560588296153583e-06 -1.9868093659169972e-07 1.0 0.0 
                  -1.0 -2.543129085097462e-07 -9.560588296153583e-06 0.0 
                  3.7848673173357383e-07 4.730358114102273e-07 2.777201473236346e-07 1.0 
                }
              }
            }
            <Joint> finger_ctrl_r {
              <Transform> {
                <Matrix4> {
                  0.9866019487380981 -0.0266237985342741 -0.1609591543674469 0.0 
                  7.316470146179199e-06 0.9866019487380981 -0.16314616799354553 0.0 
                  0.16314619779586792 0.1609591543674469 0.9733835458755493 0.0 
                  4.976956802238419e-07 -1.434312707715435e-06 -1.9911743720513186e-07 1.0 
                }
              }
              <Joint> finger_ik_r {
                <Transform> {
                  <Matrix4> {
                    0.2876650094985962 -0.9368831515312195 0.1987435668706894 0.0 
                    -0.16111581027507782 0.1572180688381195 0.9743325710296631 0.0 
                    -0.9440817832946777 -0.3123021125793457 -0.10572054982185364 0.0 
                    2.9802322387695312e-08 1.2259211540222168 -6.444752216339111e-07 1.0 
                  }
                }
              }
            }
            <Joint> staff {
              <Transform> {
                <Matrix4> {
                  -2.423934688522422e-07 -1.0 -3.8941436741879443e-07 0.0 
                  -1.0 2.423936109607894e-07 -2.384185791015625e-07 0.0 
                  2.384186643666908e-07 3.8941436741879443e-07 -1.0 0.0 
                  1.13309907913208 0.43206000328063965 -0.3817744851112366 1.0 
                }
              }
              <VertexRef> {
                0 1 2 3 4 5 6 7 8 9 10 11 12 13 14 15 16 17 18 19 20 21 22 23 24 25 26 27 28 29 30 31 32 33 34 35 36 37 38 39 40 41 42 43 44 45 46 47 48 49 50 51 52 53 54 55 56 57 58 59 60 61 62 63 64 65 66 67 68 69 70 71 72 73 74 75 76 77 78 79 80 81 82 83
                <Scalar> membership { 1.000000 }  <Ref> { Cube }
              }
            }
          }
          <Joint> upper_arm_l {
            <Transform> {
              <Matrix4> {
                0.06773626059293747 -0.9954785704612732 0.06659047305583954 0.0 
                0.9954785704612732 0.0629797875881195 -0.07110582292079926 0.0 
                0.06659046560525894 0.07110583037137985 0.9952435493469238 0.0 
                1.4999854564666748 0.02285182476043701 -0.29999804496765137 1.0 
              }
            }
            <VertexRef> {
              485 486 492 493 494 495 501 502 508 509 510 511 517 518 524 525 526 527 533 534 540 541 542 543 582 585 598 601 614 617 751 766 782 783
              <Scalar> membership { 1.000000 }  <Ref> { Cube }
            }
            <VertexRef> {
              108 125 500 519 562 575
              <Scalar> membership { 0.228370 }  <Ref> { Cube }
            }
            <VertexRef> {
              102 117 124 516 535
              <Scalar> membership { 0.227257 }  <Ref> { Cube }
            }
            <VertexRef> {
              86 87 93 101 484 487 503 532 560 569
              <Scalar> membership { 0.500000 }  <Ref> { Cube }
            }
            <VertexRef> {
              561 567 568 576 577 806 815
              <Scalar> membership { 0.000000 }  <Ref> { Cube }
            }
            <Joint> lower_arm_l {
              <Transform> {
                <Matrix4> {
                  0.9548067450523376 -0.2222219556570053 -0.1973872184753418 0.0 
                  0.253385066986084 0.955707848072052 0.14972834289073944 0.0 
                  0.15537160634994507 -0.19297657907009125 0.9688239097595215 0.0 
                  -1.043081283569336e-07 2.812706708908081 -1.1175870895385742e-07 1.0 
                }
              }
              <VertexRef> {
                260 263 276 279 300 303 324 333 340 341 452 453 454 455 460 461 462 463 468 469 470 471 476 477 478 479 583 584 590 591 592 593 599 600 606 607 608 609 615 616 622 623 624 625 742 743 744 745 750 752 753 758 759 760 761 767 768 769 774 775 776 777 784 785 790 791 792 793 798 799 800 801
                <Scalar> membership { 1.000000 }  <Ref> { Cube }
              }
              <Joint> palm_l {
                <Transform> {
                  <Matrix4> {
                    0.9785152077674866 0.18142661452293396 0.09794054180383682 0.0 
                    -0.1697082370519638 0.9785152673721313 -0.11707740277051926 0.0 
                    -0.11707725375890732 0.09794071316719055 0.9882816672325134 0.0 
                    -1.4901161193847656e-07 2.5527586936950684 1.2293457984924316e-07 1.0 
                  }
                }
                <VertexRef> {
                  260 261 262 263 268 271 276 277 278 279 284 287 292 295 300 301 302 303 308 311 316 317 324 325 332 333 340 341 454 455 461 462 470 471 477 478
                  <Scalar> membership { 1.000000 }  <Ref> { Cube }
                }
                <Joint> fingers_l {
                  <Transform> {
                    <Matrix4> {
                      0.9701459407806396 0.05880573019385338 0.23528489470481873 0.0 
                      1.2911857993458398e-05 0.970145046710968 -0.2425256222486496 0.0 
                      -0.24252235889434814 0.23528826236724854 0.9411813616752625 0.0 
                      -5.067704478278756e-08 0.4094991981983185 -3.1978197512216866e-07 1.0 
                    }
                  }
                  <VertexRef> {
                    228 229 230 231 261 262 268 269 270 271 277 278 284 285 286 287 292 293 294 295 301 302 308 309 310 311 316 317 325 332
                    <Scalar> membership { 1.000000 }  <Ref> { Cube }
                  }
                }
              }
            }
          }
          <Joint> upper_arm_r {
            <Transform> {
              <Matrix4> {
                0.06773626059293747 0.9954785704612732 -0.06659047305583954 0.0 
                -0.9954785704612732 0.0629797875881195 -0.07110582292079926 0.0 
                -0.06659046560525894 0.07110583037137985 0.9952435493469238 0.0 
                -1.4999854564666748 0.02285182476043701 -0.29999804496765137 1.0 
              }
            }
            <VertexRef> {
              488 489 496 497 498 499 504 505 512 513 514 515 520 521 528 529 530 531 536 537 544 545 546 547 588 589 604 605 620 621 755 772 787 788
              <Scalar> membership { 1.000000 }  <Ref> { Cube }
            }
            <VertexRef> {
              114 129 506 523 563 579
              <Scalar> membership { 0.228370 }  <Ref> { Cube }
            }
            <VertexRef> {
              104 121 130 522 539
              <Scalar> membership { 0.227257 }  <Ref> { Cube }
            }
            <VertexRef> {
              88 91 97 105 490 491 507 538 565 573
              <Scalar> membership { 0.500000 }  <Ref> { Cube }
            }
            <Joint> lower_arm_r {
              <Transform> {
                <Matrix4> {
                  0.9548067450523376 0.2222219556570053 0.1973872184753418 0.0 
                  -0.253385066986084 0.955707848072052 0.14972834289073944 0.0 
                  -0.15537160634994507 -0.19297657907009125 0.9688239097595215 0.0 
                  1.043081283569336e-07 2.812706708908081 -1.1175870895385742e-07 1.0 
                }
              }
              <VertexRef> {
                266 267 282 283 306 307 330 337 345 346 456 457 458 459 464 465 466 467 472 473 474 475 480 481 482 483 586 587 594 595 596 597 602 603 610 611 612 613 618 619 626 627 628 629 746 747 748 749 754 756 757 762 763 764 765 770 771 773 778 779 780 781 786 789 794 795 796 797 802 803 804 805
                <Scalar> membership { 1.000000 }  <Ref> { Cube }
              }
              <Joint> palm_r {
                <Transform> {
                  <Matrix4> {
                    0.9785152077674866 -0.18142661452293396 -0.09794054180383682 0.0 
                    0.1697082370519638 0.9785152673721313 -0.11707740277051926 0.0 
                    0.11707725375890732 0.09794071316719055 0.9882816672325134 0.0 
                    1.4901161193847656e-07 2.5527586936950684 1.2293457984924316e-07 1.0 
                  }
                }
                <VertexRef> {
                  264 265 266 267 274 275 280 281 282 283 290 291 298 299 304 305 306 307 314 315 321 322 329 330 337 338 345 346 456 459 464 465 472 475 480 481
                  <Scalar> membership { 1.000000 }  <Ref> { Cube }
                }
                <Joint> fingers_r {
                  <Transform> {
                    <Matrix4> {
                      0.9701459407806396 -0.05880573019385338 -0.23528489470481873 0.0 
                      -1.2911857993458398e-05 0.970145046710968 -0.2425256222486496 0.0 
                      0.24252235889434814 0.23528826236724854 0.9411813616752625 0.0 
                      5.067704478278756e-08 0.4094991981983185 -3.1978197512216866e-07 1.0 
                    }
                  }
                  <VertexRef> {
                    232 233 234 235 264 265 272 273 274 275 280 281 288 289 290 291 296 297 298 299 304 305 312 313 314 315 321 322 329 338
                    <Scalar> membership { 1.000000 }  <Ref> { Cube }
                  }
                }
              }
            }
          }
          <Joint> cape_1 {
            <Transform> {
              <Matrix4> {
                1.0 -5.0439407317526275e-08 -3.175814811129385e-08 0.0 
                5.329070518200751e-15 0.5328133702278137 -0.8462327718734741 0.0 
                5.960464477539063e-08 0.8462327718734741 0.5328133702278137 0.0 
                -3.6816164339370516e-08 0.570021390914917 0.26822805404663086 1.0 
              }
            }
            <VertexRef> {
              900 906 908 911 914 915 916 919 922 923 924 925 926 927 928 929 930 931 932 933 937 938
              <Scalar> membership { 1.000000 }  <Ref> { Cube }
            }
            <Joint> cape_2 {
              <Transform> {
                <Matrix4> {
                  1.0 1.5351808713148785e-08 2.0109194309725353e-09 0.0 
                  -1.5351806936791945e-08 0.9662622213363647 0.25756046175956726 0.0 
                  2.0109371945409293e-09 -0.25756046175956726 0.9662622809410095 0.0 
                  -1.8524142994264664e-14 3.1906113624572754 2.384185791015625e-07 1.0 
                }
              }
              <VertexRef> {
                919 923 926 927 928 931 932 933 934 935 936 937 938 939 940 943 945 946
                <Scalar> membership { 1.000000 }  <Ref> { Cube }
              }
              <Joint> cape_3 {
                <Transform> {
                  <Matrix4> {
                    1.0 -3.430454425501473e-15 5.960464477539063e-08 0.0 
                    -2.9303519610834883e-08 0.8708033561706543 0.49163156747817993 0.0 
                    -5.190392826648349e-08 -0.49163156747817993 0.8708033561706543 0.0 
                    -7.866001957863161e-15 3.8209948539733887 0.0 1.0 
                  }
                }
                <VertexRef> {
                  934 935 936 939 940 941 942 943 944 945 946 947
                  <Scalar> membership { 1.000000 }  <Ref> { Cube }
                }
              }
            }
          }
        }
      }
    }
    <Group> Cube {
      <Transform> {
        <Matrix4> {
          1.0 0.0 0.0 0.0 
          0.0 1.0 0.0 0.0 
          0.0 0.0 1.0 0.0 
          0.0 0.0 0.0 1.0 
        }
      }
      
      <VertexPool> Cube {
      
        <Vertex> 0 {-7.172395 10.259586 3.307008
        <Normal> { 0.575579 0.581835 0.574572 }
          <UV>  {
            0.086523 0.748562 
          }
        }
        <Vertex> 1 {-7.172395 10.259586 3.165764
        <Normal> { 0.575579 0.581835 -0.574572 }
          <UV>  {
            0.072781 0.748562 
          }
        }
        <Vertex> 2 {-7.274468 10.259586 3.165764
        <Normal> { -0.575579 0.581835 -0.574572 }
          <UV>  {
            0.072781 0.738631 
          }
        }
        <Vertex> 3 {-7.274468 10.259586 3.307008
        <Normal> { -0.575579 0.581835 0.574572 }
          <UV>  {
            0.086523 0.738631 
          }
        }
        <Vertex> 4 {-7.172395 10.259586 3.307008
        <Normal> { 0.575579 0.581835 0.574572 }
          <UV>  {
            0.319995 0.627347 
          }
        }
        <Vertex> 5 {-7.089402 -1.305218 3.421848
        <Normal> { 0.692068 -0.153264 0.705344 }
          <UV>  {
            0.320350 0.950893 
          }
        }
        <Vertex> 6 {-7.089402 -1.305218 3.050922
        <Normal> { 0.692068 -0.153264 -0.705344 }
          <UV>  {
            0.287674 0.950893 
          }
        }
        <Vertex> 7 {-7.172395 10.259586 3.165764
        <Normal> { 0.575579 0.581835 -0.574572 }
          <UV>  {
            0.288028 0.627347 
          }
        }
        <Vertex> 8 {-7.172395 10.259586 3.165764
        <Normal> { 0.575579 0.581835 -0.574572 }
          <UV>  {
            0.288028 0.627347 
          }
        }
        <Vertex> 9 {-7.089402 -1.305218 3.050922
        <Normal> { 0.692068 -0.153264 -0.705344 }
          <UV>  {
            0.287674 0.950893 
          }
        }
        <Vertex> 10 {-7.357460 -1.305218 3.050922
        <Normal> { -0.692068 -0.153264 -0.705344 }
          <UV>  {
            0.255126 0.950893 
          }
        }
        <Vertex> 11 {-7.274468 10.259586 3.165764
        <Normal> { -0.575579 0.581835 -0.574572 }
          <UV>  {
            0.254616 0.627347 
          }
        }
        <Vertex> 12 {-7.274468 10.259586 3.165764
        <Normal> { -0.575579 0.581835 -0.574572 }
          <UV>  {
            0.254616 0.627347 
          }
        }
        <Vertex> 13 {-7.357460 -1.305218 3.050922
        <Normal> { -0.692068 -0.153264 -0.705344 }
          <UV>  {
            0.255126 0.950893 
          }
        }
        <Vertex> 14 {-7.357460 -1.305218 3.421848
        <Normal> { -0.692068 -0.153264 0.705344 }
          <UV>  {
            0.220351 0.950893 
          }
        }
        <Vertex> 15 {-7.274468 10.259586 3.307008
        <Normal> { -0.575579 0.581835 0.574572 }
          <UV>  {
            0.220291 0.627347 
          }
        }
        <Vertex> 16 {-7.089402 -1.305218 3.421848
        <Normal> { 0.692068 -0.153264 0.705344 }
          <UV>  {
            0.189823 0.950893 
          }
        }
        <Vertex> 17 {-7.172395 10.259586 3.307008
        <Normal> { 0.575579 0.581835 0.574572 }
          <UV>  {
            0.189913 0.627347 
          }
        }
        <Vertex> 18 {-7.274468 10.259586 3.307008
        <Normal> { -0.575579 0.581835 0.574572 }
          <UV>  {
            0.220291 0.627347 
          }
        }
        <Vertex> 19 {-7.357460 -1.305218 3.421848
        <Normal> { -0.692068 -0.153264 0.705344 }
          <UV>  {
            0.220351 0.950893 
          }
        }
        <Vertex> 20 {-7.089402 -1.305218 3.421848
        <Normal> { 0.692068 -0.153264 0.705344 }
          <UV>  {
            0.189823 0.950893 
          }
        }
        <Vertex> 21 {-7.357460 -1.305218 3.421848
        <Normal> { -0.692068 -0.153264 0.705344 }
          <UV>  {
            0.220351 0.950893 
          }
        }
        <Vertex> 22 {-7.294073 -1.604902 3.334135
        <Normal> { -0.244514 0.075564 0.966674 }
          <UV>  {
            0.231410 0.988981 
          }
        }
        <Vertex> 23 {-7.152789 -1.604902 3.334135
        <Normal> { 0.244972 0.077242 0.966430 }
          <UV>  {
            0.211200 0.988981 
          }
        }
        <Vertex> 24 {-7.357460 -1.305218 3.421848
        <Normal> { -0.692068 -0.153264 0.705344 }
          <UV>  {
            0.220351 0.950893 
          }
        }
        <Vertex> 25 {-7.357460 -1.305218 3.050922
        <Normal> { -0.692068 -0.153264 -0.705344 }
          <UV>  {
            0.255126 0.950893 
          }
        }
        <Vertex> 26 {-7.294073 -1.604902 3.138633
        <Normal> { -0.241279 0.076632 -0.967406 }
          <UV>  {
            0.255208 0.988981 
          }
        }
        <Vertex> 27 {-7.294073 -1.604902 3.334135
        <Normal> { -0.244514 0.075564 0.966674 }
          <UV>  {
            0.231410 0.988981 
          }
        }
        <Vertex> 28 {-7.357460 -1.305218 3.050922
        <Normal> { -0.692068 -0.153264 -0.705344 }
          <UV>  {
            0.255126 0.950893 
          }
        }
        <Vertex> 29 {-7.089402 -1.305218 3.050922
        <Normal> { 0.692068 -0.153264 -0.705344 }
          <UV>  {
            0.287674 0.950893 
          }
        }
        <Vertex> 30 {-7.152789 -1.604902 3.138633
        <Normal> { 0.241829 0.078310 -0.967132 }
          <UV>  {
            0.280901 0.988981 
          }
        }
        <Vertex> 31 {-7.294073 -1.604902 3.138633
