<CoordinateSystem> { Z-up } 
<Material> Material.001 {
  <Scalar> diffr { 0.640000 }
  <Scalar> diffg { 0.640000 }
  <Scalar> diffb { 0.640000 }
  <Scalar> specr { 0.000000 }
  <Scalar> specg { 0.000000 }
  <Scalar> specb { 0.000000 }
  <Scalar> shininess { 12.5 }
  <Scalar> ambr { 1.000000 }
  <Scalar> ambg { 1.000000 }
  <Scalar> ambb { 1.000000 }
  <Scalar> emitr { 0.000000 }
  <Scalar> emitg { 0.000000 }
  <Scalar> emitb { 0.000000 }
}

<Texture> Tex.001 {
  "./tex/Archer.png"
  <Scalar> envtype { MODULATE }
  <Scalar> minfilter { LINEAR_MIPMAP_LINEAR }
  <Scalar> magfilter { LINEAR_MIPMAP_LINEAR }
  <Scalar> wrap { REPEAT }
}

  <Group> Lamp {
    <Transform> {
      <Matrix4> {
        -0.29086464643478394 0.9551711678504944 -0.05518905818462372 0.0 
        -0.7711008191108704 -0.1998833566904068 0.6045247316360474 0.0 
        0.5663931965827942 0.21839119493961334 0.7946722507476807 0.0 
        4.076245307922363 1.0054539442062378 5.903861999511719 1.0 
      }
    }
    
  }
  <Group> Camera {
    <Transform> {
      <Matrix4> {
        0.6858805418014526 0.7276337742805481 -0.010816780850291252 0.0 
        -0.31737011671066284 0.31246861815452576 0.8953432440757751 0.0 
        0.6548618674278259 -0.6106656193733215 0.4452453553676605 0.0 
        7.481131553649902 -6.5076398849487305 5.34366512298584 1.0 
      }
    }
    
  }
  <Group> Armature {
    <Dart> { 1 }
    <Joint> global {
      <Transform> {
        <Matrix4> {
          1.0 0.0 0.0 0.0 
          0.0 -4.371138828673793e-08 1.0 0.0 
          0.0 -1.0 -4.371138828673793e-08 0.0 
          -0.007708355784416199 0.40410876274108887 -10.30872631072998 1.0 
        }
      }
      <Joint> knee_pole_l {
        <Transform> {
          <Matrix4> {
            -1.0 1.5099580252808664e-07 0.0 0.0 
            6.6002361555513294e-15 4.371138828673793e-08 1.0 0.0 
            1.5099580252808664e-07 1.0 -4.371138828673793e-08 0.0 
            0.8993856906890869 4.8299994468688965 5.620232105255127 1.0 
          }
        }
      }
      <Joint> knee_pole_r {
        <Transform> {
          <Matrix4> {
            -1.0 -1.5099580252808664e-07 0.0 0.0 
            -6.6002361555513294e-15 4.371138828673793e-08 1.0 0.0 
            -1.5099580252808664e-07 1.0 -4.371138828673793e-08 0.0 
            -0.8839689493179321 4.8299994468688965 5.620232105255127 1.0 
          }
        }
      }
      <Joint> foot_ctrl_l {
        <Transform> {
          <Matrix4> {
            1.0 0.0 0.0 0.0 
            0.0 -2.821299744937278e-07 -1.0 0.0 
            0.0 1.0 -2.821299744937278e-07 0.0 
            1.0500000715255737 0.1738232970237732 -0.9995603561401367 1.0 
          }
        }
        <Joint> ball_ctrl_l {
          <Transform> {
            <Matrix4> {
              1.0 -1.0539151418242909e-07 -3.391467728874886e-08 0.0 
              1.053915283932838e-07 0.8123276829719543 0.5832012891769409 0.0 
              -3.391462755075736e-08 -0.5832012891769409 0.8123276829719543 0.0 
              -1.1920928955078125e-07 -1.0783779621124268 0.11151416599750519 1.0 
            }
          }
          <Joint> ankle_l {
            <Transform> {
              <Matrix4> {
                0.9998999238014221 -0.004199724178761244 0.013513464480638504 0.0 
                0.011292705312371254 -0.33867835998535156 -0.9408344626426697 0.0 
                0.008527962490916252 0.9408928751945496 -0.33859699964523315 0.0 
                6.72383038136104e-08 1.1311091184616089 9.779299716683454e-07 1.0 
              }
            }
          }
        }
        <Joint> toe_ctrl_l {
          <Transform> {
            <Matrix4> {
              1.0 8.359177172678756e-08 -1.3200263992985128e-06 0.0 
              -6.268781760354614e-08 -0.9938840866088867 -0.1104283556342125 0.0 
              -1.3211841860538698e-06 0.1104283556342125 -0.9938840866088867 0.0 
              -1.1920928955078125e-07 -1.0783779621124268 0.11151416599750519 1.0 
            }
          }
        }
      }
      <Joint> foot_ctrl_r {
        <Transform> {
          <Matrix4> {
            1.0 0.0 0.0 0.0 
            0.0 -2.821299744937278e-07 -1.0 0.0 
            0.0 1.0 -2.821299744937278e-07 0.0 
            -1.0345834493637085 0.1738232970237732 -0.9995603561401367 1.0 
          }
        }
        <Joint> ball_ctrl_r {
          <Transform> {
            <Matrix4> {
              1.0 1.0539151418242909e-07 3.391467728874886e-08 0.0 
              -1.053915283932838e-07 0.8123276829719543 0.5832012891769409 0.0 
              3.391462755075736e-08 -0.5832012891769409 0.8123276829719543 0.0 
              1.1920928955078125e-07 -1.0783779621124268 0.11151416599750519 1.0 
            }
          }
          <Joint> ankle_r {
            <Transform> {
              <Matrix4> {
                0.9998999238014221 0.004199724178761244 -0.013513464480638504 0.0 
                -0.011292705312371254 -0.33867835998535156 -0.9408344626426697 0.0 
                -0.008527962490916252 0.9408928751945496 -0.33859699964523315 0.0 
                -6.72383038136104e-08 1.1311091184616089 9.779299716683454e-07 1.0 
              }
            }
          }
        }
        <Joint> toe_ctrl_r {
          <Transform> {
            <Matrix4> {
              1.0 -8.359177172678756e-08 1.3200263992985128e-06 0.0 
              6.268781760354614e-08 -0.9938840866088867 -0.1104283556342125 0.0 
              1.3211841860538698e-06 0.1104283556342125 -0.9938840866088867 0.0 
              1.1920928955078125e-07 -1.0783779621124268 0.11151416599750519 1.0 
            }
          }
        }
      }
      <Joint> body_ctrl {
        <Transform> {
          <Matrix4> {
            1.0 0.0 0.0 0.0 
            0.0 -4.371138828673793e-08 -1.0 0.0 
            0.0 1.0 -4.371138828673793e-08 0.0 
            0.0 10.370001792907715 0.4199995994567871 1.0 
          }
        }
        <Joint> spine_1 {
          <Transform> {
            <Matrix4> {
              1.0 1.3898930717459734e-07 2.581517577482373e-08 0.0 
              -3.552713678800501e-15 -0.1826118379831314 0.9831851124763489 0.0 
              1.413663710536639e-07 -0.9831851124763489 -0.1826118379831314 0.0 
              0.0 0.0 0.0 1.0 
            }
          }
          <VertexRef> {
            218 221 224 225 226 229 232 233 234 237 240 241 275 276 278 279 283 284 286 287 716 717 718 721
            <Scalar> membership { 1.000000 }  <Ref> { Cube }
          }
          <Joint> spine_2 {
            <Transform> {
              <Matrix4> {
                1.0 3.932148473495545e-08 2.5488449750810105e-07 0.0 
                4.627053229455669e-08 0.9449171423912048 -0.32730934023857117 0.0 
                -2.537150294301682e-07 0.32730934023857117 0.9449171423912048 0.0 
                -1.6121859403028793e-10 1.1772894859313965 6.826539777904372e-09 1.0 
              }
            }
            <Joint> spine_3 {
              <Transform> {
                <Matrix4> {
                  1.0 -1.9525474570514234e-08 -9.802429445926464e-08 0.0 
                  -7.713264693620658e-09 0.9627327919006348 -0.27045413851737976 0.0 
                  9.965196312577973e-08 0.27045413851737976 0.9627327919006348 0.0 
                  -8.089129366339876e-11 1.1523393392562866 3.81789497794216e-08 1.0 
                }
              }
              <VertexRef> {
                1068 1073 1084 1089
                <Scalar> membership { 0.986524 }  <Ref> { Cube }
              }
              <VertexRef> {
                570 571 575 576 580 581 582 585 587 591 596 598 602 608 613 617
                <Scalar> membership { 0.000000 }  <Ref> { Cube }
              }
              <VertexRef> {
                213 217 220 222 235 239 604 606 621 625
                <Scalar> membership { 0.995000 }  <Ref> { Cube }
              }
              <VertexRef> {
                202 205 208 209 227 228 230 231 236 238 589 593 620 622
                <Scalar> membership { 1.000000 }  <Ref> { Cube }
              }
              <VertexRef> {
                210 216 219 223 1049 1052
                <Scalar> membership { 0.997478 }  <Ref> { Cube }
              }
              <VertexRef> {
                1075 1078 1091 1094
                <Scalar> membership { 0.993888 }  <Ref> { Cube }
              }
              <VertexRef> {
                1071 1080 1082 1093
                <Scalar> membership { 0.248334 }  <Ref> { Cube }
              }
              <VertexRef> {
                1067 1070 1076 1081 1083 1086 1092 1097
                <Scalar> membership { 0.967753 }  <Ref> { Cube }
              }
              <VertexRef> {
                186 192 212 214 572 574 605 609
                <Scalar> membership { 0.957917 }  <Ref> { Cube }
              }
              <VertexRef> {
                1079 1090
                <Scalar> membership { 0.247819 }  <Ref> { Cube }
              }
              <VertexRef> {
                1072 1085
                <Scalar> membership { 0.239173 }  <Ref> { Cube }
              }
              <Joint> neck {
                <Transform> {
                  <Matrix4> {
                    1.0 -2.093794364554924e-07 2.1302754760199605e-07 0.0 
                    3.71219925909827e-08 0.7947744727134705 0.6069047451019287 0.0 
                    -2.963822680612793e-07 -0.6069047451019287 0.7947744727134705 0.0 
                    -4.317488588867491e-10 1.2027790546417236 1.233830815294823e-10 1.0 
                  }
                }
                <VertexRef> {
                  187 188 189 190 191 193 194 195 196 197 198 199 200 201 203 204 206 207 211 215 573 577 588 590 986 987 991 992 994 995 999 1000 1012 1013 1014 1017 1018 1019 1020 1021 1022 1023 1024 1025 1026 1027 1028 1029 1030 1031 1032 1033 1048 1050 1051 1053 1054 1055 1056 1057 1058 1059 1060 1061 1066 1069 1074 1077 1087 1088 1095 1096
                  <Scalar> membership { 1.000000 }  <Ref> { Cube }
                }
                <VertexRef> {
                  0 6 8 14
                  <Scalar> membership { 0.001395 }  <Ref> { Cube }
                }
                <Joint> skull {
                  <Transform> {
                    <Matrix4> {
                      1.0 5.247277723441357e-09 -5.142380246070388e-07 0.0 
                      -5.449761175668755e-08 0.9953986406326294 -0.0958203673362732 0.0 
                      5.113690235702961e-07 0.0958203673362732 0.9953986406326294 0.0 
                      -1.723563514133275e-10 0.9491095542907715 -5.7106070983081736e-08 1.0 
                    }
                  }
                  <VertexRef> {
                    0 1 2 3 4 5 6 7 8 9 10 11 12 13 14 15 16 17 18 19 20 21 22 23 986 987 988 989 990 991 992 993 994 995 996 997 998 999 1000 1001 1002 1003 1004 1005 1006 1007 1008 1009 1010 1011 1012 1013 1014 1015 1016 1017 1020 1021 1022 1025 1027 1028 1030 1031 1056 1057 1058 1061 1098 1099 1100 1101 1102 1103 1104 1105 1106 1107 1108 1109 1110 1111 1112 1113 1114 1115 1116 1117 1118 1119 1120 1121 1122 1123 1124 1125 1126 1127 1128 1129 1130 1131 1132 1133 1134 1135 1136 1137 1138 1139 1140 1141 1142 1143 1144 1145 1146 1147 1148 1149 1150 1151 1152 1153 1154 1155 1156 1157 1158 1159 1160 1161 1162 1163 1164 1165 1166 1167 1168 1169
                    <Scalar> membership { 1.000000 }  <Ref> { Cube }
                  }
                }
              }
            }
          }
        }
        <Joint> pelvis {
          <Transform> {
            <Matrix4> {
              1.0 -3.3306307045677386e-07 1.0676761124511769e-12 0.0 
              -1.889623440359811e-14 -3.262362270106678e-06 -1.0 0.0 
              3.3306307045677386e-07 1.0 -3.262362270106678e-06 0.0 
              0.0 0.0 0.0 1.0 
            }
          }
          <VertexRef> {
            299 303 308 310 730 736 957 961 970 976
            <Scalar> membership { 0.102301 }  <Ref> { Cube }
          }
          <VertexRef> {
            173 174 176 177 180 182 183 185 218 221 224 225 226 229 232 233 234 237 240 241 274 275 276 277 278 279 280 281 282 283 284 285 286 287 288 289 290 291 292 293 294 295 296 297 298 300 301 302 304 305 306 307 309 311 312 313 714 715 716 717 718 719 720 721 722 723 724 725 726 727 728 729 731 732 733 734 735 737 866 867 868 869 870 871 872 873 874 875 876 877 878 879 880 881 882 883 884 885 886 887 888 889 954 960 962 965 968 969 973 977 980 981 982 985 1034 1035 1036 1037 1038 1039 1040 1041 1042 1043 1044 1045 1046 1047
            <Scalar> membership { 1.000000 }  <Ref> { Cube }
          }
          <Joint> thigh_r {
            <Transform> {
              <Matrix4> {
                0.9988753199577332 0.03359208628535271 0.033461011946201324 0.0 
                -0.03346068784594536 0.9994300007820129 -0.004479419905692339 0.0 
                -0.033592406660318375 0.0033547542989253998 0.9994300007820129 0.0 
                -0.7350001335144043 0.6299992799758911 0.17689232528209686 1.0 
              }
            }
            <VertexRef> {
              172
              <Scalar> membership { 0.999012 }  <Ref> { Cube }
            }
            <VertexRef> {
              274 285 300 733 869 874
              <Scalar> membership { 0.993870 }  <Ref> { Cube }
            }
            <VertexRef> {
              178 179 184 314 315 318 319 320 322 323 324 325 326 327 328 329 330 331 334 335 336 337 338 339 340 341 342 343 344 345 346 347 350 351 352 353 354 355 356 357 358 359 360 361 364 365 366 367 368 369 370 371 372 373 374 375 376 377 378 379 383 384 385 387 388 389 390 391 392 393 394 395 396 398 399 400 401 406 408 409 410 411 414 415 416 417 418 420 421 422 423 424 425 426 427 428 429 430 431 432 433 434 435 436 437 438 439 440 441 442 443 444 445 446 447 448 449 450 451 452 453 454 455 456 457 458 463 464 465 466 468 469 470 471 473 475 476 477 478 479 480 481 483 484 486 487 488 489 490 491 492 493 494 495 496 497 498 500 501 502 503 504 505 506 507 508 509 510 512 513 516 517 520 521 524 525 527 528 530 531 542 543 544 545 550 553 557 558 559 958 959 966 974 975 984
              <Scalar> membership { 0.000000 }  <Ref> { Cube }
            }
            <VertexRef> {
              173 174 180 182 185 292 293 307 316 317 332 333 348 349 362 363 380 381 402 403 404 405 412 413 722 725 731 867 868 871 875 876 883 884 886 954 955 956 962 963 964 965 971 972 973 978 979 980 981 1034 1040 1041 1042 1043 1046 1047
              <Scalar> membership { 1.000000 }  <Ref> { Cube }
            }
            <VertexRef> {
              715 719 723 727 885 889 1036 1037
              <Scalar> membership { 0.956688 }  <Ref> { Cube }
            }
            <VertexRef> {
              282 714 724 732 877 882
              <Scalar> membership { 0.993380 }  <Ref> { Cube }
            }
            <VertexRef> {
              298 304 309 313
              <Scalar> membership { 0.980268 }  <Ref> { Cube }
            }
            <VertexRef> {
              299 308 730 957 970
              <Scalar> membership { 0.997780 }  <Ref> { Cube }
            }
            <VertexRef> {
              321 382 407 967 983
              <Scalar> membership { 0.000009 }  <Ref> { Cube }
            }
            <VertexRef> {
              175 181
              <Scalar> membership { 0.996249 }  <Ref> { Cube }
            }
            <Joint> shin_r {
              <Transform> {
                <Matrix4> {
                  0.9999778270721436 -0.005483201704919338 0.003780217142775655 0.0 
                  0.004217281937599182 0.9606295228004456 0.27780064940452576 0.0 
                  -0.005154622718691826 -0.27777862548828125 0.9606311321258545 0.0 
                  -2.3283064365386963e-08 4.912801742553711 9.313225746154785e-09 1.0 
                }
              }
              <VertexRef> {
                339 354 444 453
                <Scalar> membership { 0.949073 }  <Ref> { Cube }
              }
              <VertexRef> {
                323 338 436 445
                <Scalar> membership { 0.153879 }  <Ref> { Cube }
              }
              <VertexRef> {
                314 315 322 324 325 330 331 340 341 346 347 355 356 357 364 365 370 371 372 373 378 379 386 387 388 389 394 395 396 397 410 411 418 419 420 421 426 427 428 429 434 435 437 442 443 450 451 452 466 467 468 469 474 475 476 477 484 485 490 491 492 493 500 501 506 507 508 509 516 517 523 524 531 540
                <Scalar> membership { 1.000000 }  <Ref> { Cube }
              }
              <Joint> foot_r {
                <Transform> {
                  <Matrix4> {
                    0.9989097118377686 -0.03726300597190857 -0.02812378481030464 0.0 
                    -0.0138661228120327 0.33841830492019653 -0.9408937096595764 0.0 
                    0.04457813501358032 0.9402577877044678 0.33753255009651184 0.0 
                    4.842877388000488e-08 4.041956901550293 -1.4156103134155273e-07 1.0 
                  }
                }
                <VertexRef> {
                  458 459 460 461 466 467 474 475 482 483 484 485 490 491 498 499 500 501 506 507 514 515 516 517 523 524 531 532 539 540 547 548
                  <Scalar> membership { 1.000000 }  <Ref> { Cube }
                }
                <Joint> toes_r {
                  <Transform> {
                    <Matrix4> {
                      1.0 -5.70417341805296e-07 -8.803499440546148e-07 0.0 
                      6.598777702038205e-08 0.8717756271362305 -0.48990538716316223 0.0 
                      1.0469181006556028e-06 0.48990532755851746 0.8717756271362305 0.0 
                      7.634444898485526e-08 1.131103515625 -1.6914646039367653e-06 1.0 
                    }
                  }
                  <VertexRef> {
                    459 460 466 467 474 482 485 507 515 516 522 523 524 525 530 531 532 533 538 539 540 541 546 547 548 549 554 555 556 557
                    <Scalar> membership { 1.000000 }  <Ref> { Cube }
                  }
                }
              }
            }
          }
          <Joint> thigh_l {
            <Transform> {
              <Matrix4> {
                0.9988753795623779 -0.03359213471412659 -0.03346002474427223 0.0 
                0.03346073254942894 0.9994300007820129 -0.004479498602449894 0.0 
                0.03359142690896988 0.0033548641949892044 0.9994300603866577 0.0 
                0.7504167556762695 0.6299992799758911 0.17689165472984314 1.0 
              }
            }
            <VertexRef> {
              178
              <Scalar> membership { 0.999012 }  <Ref> { Cube }
            }
            <VertexRef> {
              280 289 302 737 873 880
              <Scalar> membership { 0.993870 }  <Ref> { Cube }
            }
            <VertexRef> {
              49 50 57 72 83 96 104 107 172 175 181 314 315 316 319 320 322 323 324 325 326 327 328 329 330 331 332 333 335 336 338 339 340 341 342 343 344 345 346 347 348 349 351 352 354 355 356 357 358 359 360 361 362 363 364 365 366 369 370 371 372 373 374 375 376 377 378 379 381 383 384 386 387 388 389 390 391 393 394 395 396 397 398 399 400 402 404 405 410 411 412 413 415 416 418 419 420 421 422 424 425 426 427 428 429 430 431 432 433 434 435 436 437 438 439 440 441 442 443 444 445 446 447 448 449 450 451 452 453 454 455 456 457 458 459 461 464 467 468 469 470 472 473 474 475 476 477 478 479 481 482 483 484 485 486 487 490 491 492 493 494 495 496 497 498 499 500 501 502 504 505 506 508 509 510 511 512 513 514 517 518 521 522 523 526 529 535 536 538 539 540 541 548 549 555 556 561 955 956 964 971 972 978
              <Scalar> membership { 0.000000 }  <Ref> { Cube }
            }
            <VertexRef> {
              176 177 180 183 185 290 291 294 295 296 297 306 311 312 318 321 334 337 350 353 367 368 382 385 406 407 408 409 414 417 728 729 735 867 870 871 878 879 884 886 887 958 959 960 966 967 968 969 974 975 977 982 983 984 985 1035 1038 1039 1040 1043 1044 1045 1046 1047
              <Scalar> membership { 1.000000 }  <Ref> { Cube }
            }
            <VertexRef> {
              715 719 723 727 885 889 1036 1037
              <Scalar> membership { 0.956688 }  <Ref> { Cube }
            }
            <VertexRef> {
              288 720 726 734 881 888
              <Scalar> membership { 0.993380 }  <Ref> { Cube }
            }
            <VertexRef> {
              298 304 309 313
              <Scalar> membership { 0.980268 }  <Ref> { Cube }
            }
            <VertexRef> {
              303 310 736 961 976
              <Scalar> membership { 0.997780 }  <Ref> { Cube }
            }
            <VertexRef> {
              317 380 403 963 979
              <Scalar> membership { 0.000009 }  <Ref> { Cube }
            }
            <VertexRef> {
              179 184
              <Scalar> membership { 0.996249 }  <Ref> { Cube }
            }
            <Joint> shin_l {
              <Transform> {
                <Matrix4> {
                  0.9999777674674988 0.005483346991240978 -0.00378055521287024 0.0 
                  -0.004217321984469891 0.9606296420097351 0.2778000235557556 0.0 
                  0.005154992453753948 -0.27777794003486633 0.9606314301490784 0.0 
                  -9.313225746154785e-09 4.912801265716553 1.862645149230957e-09 1.0 
                }
              }
              <VertexRef> {
                319 320 326 327 328 329 335 336 342 343 344 345 351 352 358 359 360 361 366 369 374 375 376 377 383 384 390 391 392 393 398 399 400 401 415 416 422 423 424 425 430 431 432 433 438 439 440 441 446 447 448 449 454 455 456 457 470 471 472 473 478 479 480 481 486 489 494 495 496 497 502 505 510 511 512 513 518 521 526 527 535 542
                <Scalar> membership { 1.000000 }  <Ref> { Cube }
              }
              <Joint> foot_l {
                <Transform> {
                  <Matrix4> {
                    0.9989096522331238 0.037262964993715286 0.028123868629336357 0.0 
                    0.013866284862160683 0.33841681480407715 -0.9408940672874451 0.0 
                    -0.044578105211257935 0.940258264541626 0.3375311493873596 0.0 
                    7.450580596923828e-08 4.0419602394104 4.470348358154297e-08 1.0 
                  }
                }
                <VertexRef> {
                  462 463 464 465 471 472 479 480 486 487 488 489 495 496 502 503 504 505 511 512 518 519 520 521 526 527 534 535 542 543 550 551
                  <Scalar> membership { 1.000000 }  <Ref> { Cube }
                }
                <Joint> toes_l {
                  <Transform> {
                    <Matrix4> {
                      1.0 5.664427931151295e-07 8.229841341744759e-07 0.0 
                      -9.062593164799182e-08 0.8717752695083618 -0.4899059534072876 0.0 
                      -9.949610557669075e-07 0.4899059534072876 0.871775209903717 0.0 
                      7.598591622581807e-08 1.1311023235321045 2.318988094884844e-07 1.0 
                    }
                  }
                  <VertexRef> {
                    462 463 471 472 480 488 489 511 518 519 526 527 528 529 534 535 536 537 542 543 544 545 550 551 552 553 558 559 560 561
                    <Scalar> membership { 1.000000 }  <Ref> { Cube }
                  }
                }
              }
            }
          }
        }
        <Joint> torso_ctrl {
          <Transform> {
            <Matrix4> {
              1.0 0.0 0.0 0.0 
              0.0 1.0 0.0 0.0 
              0.0 0.0 1.0 0.0 
              2.9802322387695312e-08 0.4514775276184082 3.3933606147766113 1.0 
            }
          }
          <VertexRef> {
            148 149 150 151 152 153 154 155 156 157 158 159 160 161 162 163 164 165 166 167 168 169 170 171 1170 1171 1172 1173 1174 1175 1176 1177 1178 1179 1180 1181 1182 1183 1184 1185 1186 1187 1188 1189 1190 1191 1192 1193 1194 1195 1196 1197 1198 1199 1200 1201 1202 1203 1204 1205 1206 1207 1208 1209 1210 1211 1212 1213 1214 1215 1216 1217 1218 1219 1220 1221 1222 1223 1224 1225 1226 1227 1228 1229 1230 1231 1232 1233 1234 1235 1236 1237 1238 1239 1240 1241 1242 1243 1244 1245 1246 1247 1248 1249 1250
            <Scalar> membership { 1.000000 }  <Ref> { Cube }
          }
          <Joint> arm_pole_l {
            <Transform> {
              <Matrix4> {
                1.0 0.0 0.0 0.0 
                0.0 1.0 0.0 0.0 
                0.0 0.0 1.0 0.0 
                4.514983654022217 3.569995164871216 -0.1049966812133789 1.0 
              }
            }
          }
          <Joint> arm_pole_r {
            <Transform> {
              <Matrix4> {
                1.0 0.0 0.0 0.0 
                0.0 1.0 0.0 0.0 
                0.0 0.0 1.0 0.0 
                -4.499566555023193 3.569995164871216 -0.1049966812133789 1.0 
              }
            }
          }
          <Joint> hand_ctrl_l {
            <Transform> {
              <Matrix4> {
                -7.589671326968528e-07 -1.0 2.3841863594498136e-07 0.0 
                1.0 -7.589671326968528e-07 4.006208342496875e-15 0.0 
                1.7694569767745527e-13 2.3841863594498136e-07 1.0 0.0 
                7.224093914031982 -0.08497405052185059 0.15750360488891602 1.0 
              }
            }
            <Joint> thumb_l {
              <Transform> {
                <Matrix4> {
                  0.746453046798706 -0.6059896349906921 0.27492621541023254 0.0 
                  0.6530536413192749 0.7464531660079956 -0.12778325378894806 0.0 
                  -0.12778419256210327 0.27492576837539673 0.9529359936714172 0.0 
                  0.326935350894928 0.19260405004024506 -5.239562597125769e-06 1.0 
                }
              }
              <VertexRef> {
                809 824 830
                <Scalar> membership { 0.995038 }  <Ref> { Cube }
              }
              <VertexRef> {
                785 806 823 847 857
                <Scalar> membership { 0.978346 }  <Ref> { Cube }
              }
              <VertexRef> {
                800 817 832
                <Scalar> membership { 0.978034 }  <Ref> { Cube }
              }
              <VertexRef> {
                742 774 784 793 798 807 815 816 822 825 833 854 862
                <Scalar> membership { 0.995000 }  <Ref> { Cube }
              }
              <VertexRef> {
                801 808 831
                <Scalar> membership { 0.994873 }  <Ref> { Cube }
              }
              <VertexRef> {
                743 750 777 799 814
                <Scalar> membership { 0.998466 }  <Ref> { Cube }
              }
            }
            <Joint> hand_ik_l {
              <Transform> {
                <Matrix4> {
                  1.0577230113995029e-07 1.0 -9.094947017729282e-13 0.0 
                  8.418635843554512e-06 -1.3552527156068805e-19 1.0 0.0 
                  1.0 -1.0577207376627484e-07 -8.418635843554512e-06 0.0 
                  -2.64659320237115e-07 6.875710027998139e-07 8.35938251952939e-08 1.0 
                }
              }
            }
            <Joint> finger_ctrl_l {
              <Transform> {
                <Matrix4> {
                  0.9846245050430298 0.030522193759679794 0.1719968169927597 0.0 
                  -7.925555109977722e-06 0.9846245646476746 -0.17468400299549103 0.0 
                  -0.17468403279781342 0.1719968169927597 0.9694857597351074 0.0 
                  -3.8386679079849273e-07 -1.219777686856105e-06 8.359385361700333e-08 1.0 
                }
              }
              <Joint> finger_ik_l {
                <Transform> {
                  <Matrix4> {
                    0.28723496198654175 0.9385648965835571 -0.1912902444601059 0.0 
                    0.17282158136367798 0.1456480771303177 0.9741250276565552 0.0 
                    0.9421404600143433 -0.31286177039146423 -0.1203690618276596 0.0 
                    0.0 1.202197790145874 -1.043081283569336e-07 1.0 
                  }
                }
              }
            }
          }
          <Joint> hand_ctrl_r {
            <Transform> {
              <Matrix4> {
                -7.589671326968528e-07 1.0 -2.3841863594498136e-07 0.0 
                -1.0 -7.589671326968528e-07 4.006208342496875e-15 0.0 
                -1.7694569767745527e-13 2.3841863594498136e-07 1.0 0.0 
                -7.208676815032959 -0.08497405052185059 0.15750360488891602 1.0 
              }
            }
            <Joint> thumb_r {
              <Transform> {
                <Matrix4> {
                  0.746453046798706 0.6059896349906921 -0.27492621541023254 0.0 
                  -0.6530536413192749 0.7464531660079956 -0.12778325378894806 0.0 
                  0.12778419256210327 0.27492576837539673 0.9529359936714172 0.0 
                  -0.326935350894928 0.19260405004024506 -5.239562597125769e-06 1.0 
                }
              }
              <VertexRef> {
                805 818 828
                <Scalar> membership { 0.995038 }  <Ref> { Cube }
              }
              <VertexRef> {
                781 804 819 843 853
                <Scalar> membership { 0.978346 }  <Ref> { Cube }
              }
              <VertexRef> {
                794 813 826
                <Scalar> membership { 0.978034 }  <Ref> { Cube }
              }
              <VertexRef> {
                740 772 778 789 796 803 810 811 820 821 829 852 860
                <Scalar> membership { 0.995000 }  <Ref> { Cube }
              }
              <VertexRef> {
                797 802 827
                <Scalar> membership { 0.994873 }  <Ref> { Cube }
              }
              <VertexRef> {
                739 748 773 795 812
                <Scalar> membership { 0.998466 }  <Ref> { Cube }
              }
            }
            <Joint> hand_ik_r {
              <Transform> {
                <Matrix4> {
                  1.0577230113995029e-07 -1.0 9.094947017729282e-13 0.0 
                  -8.418635843554512e-06 -1.3552527156068805e-19 1.0 0.0 
                  -1.0 -1.0577207376627484e-07 -8.418635843554512e-06 0.0 
                  2.64659320237115e-07 6.875710027998139e-07 8.35938251952939e-08 1.0 
                }
              }
            }
            <Joint> finger_ctrl_r {
              <Transform> {
                <Matrix4> {
                  0.9846245050430298 -0.030522193759679794 -0.1719968169927597 0.0 
                  7.925555109977722e-06 0.9846245646476746 -0.17468400299549103 0.0 
                  0.17468403279781342 0.1719968169927597 0.9694857597351074 0.0 
                  3.8386679079849273e-07 -1.219777686856105e-06 8.359385361700333e-08 1.0 
                }
              }
              <Joint> finger_ik_r {
                <Transform> {
                  <Matrix4> {
                    0.28723496198654175 -0.9385648965835571 0.1912902444601059 0.0 
                    -0.17282158136367798 0.1456480771303177 0.9741250276565552 0.0 
                    -0.9421404600143433 -0.31286177039146423 -0.1203690618276596 0.0 
                    0.0 1.202197790145874 -1.043081283569336e-07 1.0 
                  }
                }
              }
            }
          }
          <Joint> upper_arm_l {
            <Transform> {
              <Matrix4> {
                0.11549653112888336 -0.9907844662666321 0.07075781375169754 0.0 
                0.9907842874526978 0.10983585566282272 -0.07926306873559952 0.0 
                0.07076086848974228 0.07926033437252045 0.9943393468856812 0.0 
                1.8899848461151123 0.1289944350719452 0.10500240325927734 1.0 
              }
            }
            <VertexRef> {
              656 697 705
              <Scalar> membership { 0.988844 }  <Ref> { Cube }
            }
            <VertexRef> {
              246 265 583 600 616 631 641 678 695
              <Scalar> membership { 0.995000 }  <Ref> { Cube }
            }
            <VertexRef> {
              263 270 654 663
              <Scalar> membership { 0.518824 }  <Ref> { Cube }
            }
            <VertexRef> {
              208 231 238 593 622
              <Scalar> membership { 0.669085 }  <Ref> { Cube }
            }
            <VertexRef> {
              1067 1070 1076 1081
              <Scalar> membership { 0.380265 }  <Ref> { Cube }
            }
            <VertexRef> {
              217 222 239 606 625
              <Scalar> membership { 0.199186 }  <Ref> { Cube }
            }
            <VertexRef> {
              672 689 711
              <Scalar> membership { 0.031849 }  <Ref> { Cube }
            }
            <VertexRef> {
              665 688 712
              <Scalar> membership { 0.011944 }  <Ref> { Cube }
            }
            <VertexRef> {
              1079
              <Scalar> membership { 0.710270 }  <Ref> { Cube }
            }
            <VertexRef> {
              657 664 704 713
              <Scalar> membership { 0.502384 }  <Ref> { Cube }
            }
            <VertexRef> {
              155 157 158 162 166 167 177 280 289 302 647 671 686 737 873 878 880 887 913 942 1045 1069
              <Scalar> membership { 0.000000 }  <Ref> { Cube }
            }
            <VertexRef> {
              927 934 944 953
              <Scalar> membership { 0.002500 }  <Ref> { Cube }
            }
            <VertexRef> {
              1075 1078
              <Scalar> membership { 0.406998 }  <Ref> { Cube }
            }
            <VertexRef> {
              681 696 702
              <Scalar> membership { 0.880688 }  <Ref> { Cube }
            }
            <VertexRef> {
              576 585 591 598
              <Scalar> membership { 0.977714 }  <Ref> { Cube }
            }
            <VertexRef> {
              1068 1073
              <Scalar> membership { 0.468973 }  <Ref> { Cube }
            }
            <VertexRef> {
              607 614 624 633
              <Scalar> membership { 0.998750 }  <Ref> { Cube }
            }
            <VertexRef> {
              262 615 632 655 694
              <Scalar> membership { 0.996881 }  <Ref> { Cube }
            }
            <VertexRef> {
              1072
              <Scalar> membership { 0.719060 }  <Ref> { Cube }
            }
            <VertexRef> {
              193 199 207 577 590
              <Scalar> membership { 0.456253 }  <Ref> { Cube }
            }
            <VertexRef> {
              247 254 264 273
              <Scalar> membership { 0.516497 }  <Ref> { Cube }
            }
            <VertexRef> {
              673 680 703 710
              <Scalar> membership { 0.503666 }  <Ref> { Cube }
            }
            <VertexRef> {
              225 240 287 721
              <Scalar> membership { 0.108620 }  <Ref> { Cube }
            }
            <VertexRef> {
              288 720 726 734 881 888
              <Scalar> membership { 0.001023 }  <Ref> { Cube }
            }
            <VertexRef> {
              248 257 639 649
              <Scalar> membership { 0.503178 }  <Ref> { Cube }
            }
            <VertexRef> {
              249 584 599 638
              <Scalar> membership { 0.995022 }  <Ref> { Cube }
            }
            <VertexRef> {
              192 214 574 609
              <Scalar> membership { 0.496690 }  <Ref> { Cube }
            }
            <VertexRef> {
              271 662 687 926 945
              <Scalar> membership { 0.026282 }  <Ref> { Cube }
            }
            <VertexRef> {
              592 601 623 630
              <Scalar> membership { 0.997118 }  <Ref> { Cube }
            }
            <VertexRef> {
              575 582 608 617
              <Scalar> membership { 0.999621 }  <Ref> { Cube }
            }
            <VertexRef> {
              640 648 670 679
              <Scalar> membership { 0.502476 }  <Ref> { Cube }
            }
            <VertexRef> {
              1071 1080
              <Scalar> membership { 0.996917 }  <Ref> { Cube }
            }
            <Joint> lower_arm_l {
              <Transform> {
                <Matrix4> {
                  0.9417885541915894 -0.2683345675468445 -0.20256100594997406 0.0 
                  0.30047792196273804 0.942065954208374 0.14908012747764587 0.0 
                  0.1508224606513977 -0.2012670487165451 0.9678554534912109 0.0 
                  -7.450580596923828e-09 2.6494057178497314 -7.450580596923828e-09 1.0 
                }
              }
              <VertexRef> {
                255 272 894 929
                <Scalar> membership { 0.997495 }  <Ref> { Cube }
              }
              <VertexRef> {
                657 664 704 713
                <Scalar> membership { 0.498249 }  <Ref> { Cube }
              }
              <VertexRef> {
                673 680 703 710
                <Scalar> membership { 0.498609 }  <Ref> { Cube }
              }
              <VertexRef> {
                840 849 920 951
                <Scalar> membership { 0.999585 }  <Ref> { Cube }
              }
              <VertexRef> {
                855 865 903 936
                <Scalar> membership { 0.995000 }  <Ref> { Cube }
              }
              <VertexRef> {
                263 270 654 663
                <Scalar> membership { 0.448046 }  <Ref> { Cube }
              }
              <VertexRef> {
                927 934 944 953
                <Scalar> membership { 0.962556 }  <Ref> { Cube }
              }
              <VertexRef> {
                745 758 838 863
                <Scalar> membership { 0.998076 }  <Ref> { Cube }
              }
              <VertexRef> {
                247 248 254 257 264 273 639 649
                <Scalar> membership { 0.497500 }  <Ref> { Cube }
              }
              <VertexRef> {
                895 902 928 937
                <Scalar> membership { 0.997499 }  <Ref> { Cube }
              }
              <VertexRef> {
                665 688 712
                <Scalar> membership { 0.498934 }  <Ref> { Cube }
              }
              <VertexRef> {
                742 815 822 854 862
                <Scalar> membership { 0.995007 }  <Ref> { Cube }
              }
              <VertexRef> {
                647 671 686 913 942
                <Scalar> membership { 0.998012 }  <Ref> { Cube }
              }
              <VertexRef> {
                912 921 943 950
                <Scalar> membership { 0.995425 }  <Ref> { Cube }
              }
              <VertexRef> {
                640 648 670 679
                <Scalar> membership { 0.497511 }  <Ref> { Cube }
              }
              <VertexRef> {
                656 697 705
                <Scalar> membership { 0.017178 }  <Ref> { Cube }
              }
              <VertexRef> {
                848 856 935 952
                <Scalar> membership { 0.994378 }  <Ref> { Cube }
              }
              <VertexRef> {
                256 646 897 910
                <Scalar> membership { 0.990371 }  <Ref> { Cube }
              }
              <VertexRef> {
                681 696 702
                <Scalar> membership { 0.000205 }  <Ref> { Cube }
              }
              <VertexRef> {
                761 782 839 846
                <Scalar> membership { 0.999791 }  <Ref> { Cube }
              }
              <VertexRef> {
                672 689 711
                <Scalar> membership { 0.520618 }  <Ref> { Cube }
              }
              <VertexRef> {
                841 864 904 919
                <Scalar> membership { 0.997994 }  <Ref> { Cube }
              }
              <VertexRef> {
                271 662 687 926 945
                <Scalar> membership { 0.998287 }  <Ref> { Cube }
              }
              <VertexRef> {
                785 806 823 847 857
                <Scalar> membership { 0.999977 }  <Ref> { Cube }
              }
              <VertexRef> {
                896 905 911 918
                <Scalar> membership { 0.997054 }  <Ref> { Cube }
              }
              <Joint> palm_l {
                <Transform> {
                  <Matrix4> {
