<CoordinateSystem> { Z-up } 
<Material> Material.001 {
  <Scalar> diffr { 0.640000 }
  <Scalar> diffg { 0.640000 }
  <Scalar> diffb { 0.640000 }
  <Scalar> specr { 0.000000 }
  <Scalar> specg { 0.000000 }
  <Scalar> specb { 0.000000 }
  <Scalar> shininess { 12.5 }
  <Scalar> ambr { 1.000000 }
  <Scalar> ambg { 1.000000 }
  <Scalar> ambb { 1.000000 }
  <Scalar> emitr { 0.000000 }
  <Scalar> emitg { 0.000000 }
  <Scalar> emitb { 0.000000 }
}

<Texture> Tex.001 {
  "./tex/Mage.png"
  <Scalar> envtype { MODULATE }
  <Scalar> minfilter { LINEAR_MIPMAP_LINEAR }
  <Scalar> magfilter { LINEAR_MIPMAP_LINEAR }
  <Scalar> wrap { REPEAT }
}

  <Group> Sun.001 {
    <Transform> {
      <Matrix4> {
        -0.7058300375938416 0.7082077860832214 -0.01567404717206955 0.0 
        -0.4036845862865448 -0.38395005464553833 0.8304343223571777 0.0 
        0.5821020007133484 0.5924728512763977 0.5568960309028625 0.0 
        13.978076934814453 12.143917083740234 3.1307530403137207 1.0 
      }
    }
    
  }
  <Group> Sun {
    <Transform> {
      <Matrix4> {
        0.762723445892334 -0.6467247605323792 -1.4513849994198332e-16 0.0 
        0.48944181203842163 0.5772296786308289 0.6536456346511841 0.0 
        -0.4227288067340851 -0.4985508322715759 0.7568007707595825 0.0 
        -10.17813777923584 -10.631940841674805 12.965780258178711 1.0 
      }
    }
    
  }
  <Group> Lamp {
    <Transform> {
      <Matrix4> {
        -0.29086464643478394 0.9551711678504944 -0.05518905818462372 0.0 
        -0.7711008191108704 -0.1998833566904068 0.6045247316360474 0.0 
        0.5663931965827942 0.21839119493961334 0.7946722507476807 0.0 
        4.076245307922363 1.0054539442062378 5.903861999511719 1.0 
      }
    }
    
  }
  <Group> Camera {
    <Transform> {
      <Matrix4> {
        0.8109690546989441 -0.5850823521614075 -0.0028484193608164787 0.0 
        0.2271738350391388 0.3103864789009094 0.923067033290863 0.0 
        -0.5391860008239746 -0.7492256760597229 0.38462913036346436 0.0 
        -25.794776916503906 -37.010372161865234 15.472204208374023 1.0 
      }
    }
    
  }
  <Group> Armature {
    <Dart> { 1 }
    <Joint> global {
      <Transform> {
        <Matrix4> {
          1.0 0.0 0.0 0.0 
          0.0 -4.371138828673793e-08 1.0 0.0 
          0.0 -1.0 -4.371138828673793e-08 0.0 
          0.0 0.4000000059604645 -11.40000057220459 1.0 
        }
      }
      <Joint> knee_pole_l {
        <Transform> {
          <Matrix4> {
            -1.0 1.5099580252808664e-07 0.0 0.0 
            6.6002361555513294e-15 4.371138828673793e-08 1.0 0.0 
            1.5099580252808664e-07 1.0 -4.371138828673793e-08 0.0 
            0.8565577268600464 5.59999942779541 5.3526105880737305 1.0 
          }
        }
      }
      <Joint> knee_pole_r {
        <Transform> {
          <Matrix4> {
            -1.0 -1.5099580252808664e-07 0.0 0.0 
            -6.6002361555513294e-15 4.371138828673793e-08 1.0 0.0 
            -1.5099580252808664e-07 1.0 -4.371138828673793e-08 0.0 
            -0.8565577268600464 5.59999942779541 5.3526105880737305 1.0 
          }
        }
      }
      <Joint> foot_ctrl_l {
        <Transform> {
          <Matrix4> {
            1.0 0.0 0.0 0.0 
            0.0 -2.821299744937278e-07 -1.0 0.0 
            0.0 1.0 -2.821299744937278e-07 0.0 
            1.0000001192092896 0.16554540395736694 -0.9519622325897217 1.0 
          }
        }
        <VertexRef> {
          49 50 52 58 59 65 66 69 584 585 586 587 592 593 594 595 597 598 600 601 602 603 604 605
          <Scalar> membership { 1.000000 }  <Ref> { Cube }
        }
        <Joint> ball_ctrl_l {
          <Transform> {
            <Matrix4> {
              1.0 -1.6599121011040552e-07 -5.3415305956150405e-08 0.0 
              1.6599125274296966e-07 0.8123289942741394 0.5831994414329529 0.0 
              -5.3415188716599005e-08 -0.5831994414329529 0.8123289942741394 0.0 
              -1.7881393432617188e-07 -1.027026653289795 0.10620410740375519 1.0 
            }
          }
          <Joint> ankle_l {
            <Transform> {
              <Matrix4> {
                0.9999000430107117 -0.0041996329091489315 0.013512923382222652 0.0 
                0.011292395181953907 -0.3386598527431488 -0.9408410787582397 0.0 
                0.008527474477887154 0.9408995509147644 -0.33857858180999756 0.0 
                4.04017441724136e-09 1.07724928855896 -5.898569952478283e-07 1.0 
              }
            }
          }
        }
        <Joint> toe_ctrl_l {
          <Transform> {
            <Matrix4> {
              1.0 6.582220635209524e-08 -1.1884541208928567e-06 0.0 
              -6.582222056294995e-08 -0.9938838481903076 -0.11043072491884232 0.0 
              -1.1884541208928567e-06 0.11043072491884232 -0.9938838481903076 0.0 
              -1.7881393432617188e-07 -1.027026653289795 0.10620410740375519 1.0 
            }
          }
        }
      }
      <Joint> foot_ctrl_r {
        <Transform> {
          <Matrix4> {
            1.0 0.0 0.0 0.0 
            0.0 -2.821299744937278e-07 -1.0 0.0 
            0.0 1.0 -2.821299744937278e-07 0.0 
            -1.0000001192092896 0.16554540395736694 -0.9519622325897217 1.0 
          }
        }
        <VertexRef> {
          50 52 53 60 63 65 68 69 588 589 590 591 592 593 596 597 598 599 601 602 604 605 606 607
          <Scalar> membership { 1.000000 }  <Ref> { Cube }
        }
        <Joint> ball_ctrl_r {
          <Transform> {
            <Matrix4> {
              1.0 1.6599121011040552e-07 5.3415305956150405e-08 0.0 
              -1.6599125274296966e-07 0.8123289942741394 0.5831994414329529 0.0 
              5.3415188716599005e-08 -0.5831994414329529 0.8123289942741394 0.0 
              1.7881393432617188e-07 -1.027026653289795 0.10620410740375519 1.0 
            }
          }
          <Joint> ankle_r {
            <Transform> {
              <Matrix4> {
                0.9999000430107117 0.0041996329091489315 -0.013512923382222652 0.0 
                -0.011292395181953907 -0.3386598527431488 -0.9408410787582397 0.0 
                -0.008527474477887154 0.9408995509147644 -0.33857858180999756 0.0 
                -4.04017441724136e-09 1.07724928855896 -5.898569952478283e-07 1.0 
              }
            }
          }
        }
        <Joint> toe_ctrl_r {
          <Transform> {
            <Matrix4> {
              1.0 -6.582220635209524e-08 1.1884541208928567e-06 0.0 
              6.582222056294995e-08 -0.9938838481903076 -0.11043072491884232 0.0 
              1.1884541208928567e-06 0.11043072491884232 -0.9938838481903076 0.0 
              1.7881393432617188e-07 -1.027026653289795 0.10620410740375519 1.0 
            }
          }
        }
      }
      <Joint> body_ctrl {
        <Transform> {
          <Matrix4> {
            1.0 0.0 0.0 0.0 
            0.0 -4.371138828673793e-08 -1.0 0.0 
            0.0 1.0 -4.371138828673793e-08 0.0 
            0.0 11.40000057220459 0.3999994993209839 1.0 
          }
        }
        <Joint> spine_1 {
          <Transform> {
            <Matrix4> {
              0.9999998807907104 1.2257538628546172e-07 2.276564181613594e-08 0.0 
              8.917311333789257e-13 -0.18261195719242096 0.9831849932670593 0.0 
              1.246715726210823e-07 -0.9831849932670593 -0.18261195719242096 0.0 
              0.0 0.0 0.0 1.0 
            }
          }
          <VertexRef> {
            130 131 132 135 138 140 146 147 148 151 185 189 192 193 197 198 352 355 358 359
            <Scalar> membership { 1.000000 }  <Ref> { Cube }
          }
          <Joint> spine_2 {
            <Transform> {
              <Matrix4> {
                1.0 8.316900770508062e-13 1.2467198473586905e-07 0.0 
                4.0805520740150314e-08 0.9449171423912048 -0.32730937004089355 0.0 
                -1.1780495157154292e-07 0.32730937004089355 0.9449171423912048 0.0 
                1.521569328866157e-15 1.1212280988693237 -1.4901161193847656e-08 1.0 
              }
            }
            <Joint> spine_3 {
              <Transform> {
                <Matrix4> {
                  1.0 -2.3031386575667057e-08 2.4510438123570566e-08 0.0 
                  2.767357187849484e-08 0.9776073098182678 -0.21043761074543 0.0 
                  -1.911491764872153e-08 0.21043761074543 0.9776073098182678 0.0 
                  -1.1858461261560205e-19 1.0974658727645874 1.4901161193847656e-08 1.0 
                }
              }
              <VertexRef> {
                106 108 112 115 118 119 122 123 124 127 128 129 133 134 136 142 145 149 240 246 259 263
                <Scalar> membership { 1.000000 }  <Ref> { Cube }
              }
              <VertexRef> {
                114 116 137 141 144 150 227 231 256 262
                <Scalar> membership { 0.999007 }  <Ref> { Cube }
              }
              <Joint> neck {
                <Transform> {
                  <Matrix4> {
                    1.0 -2.2523025222653814e-07 3.539778958838724e-07 0.0 
                    7.368101684335215e-09 0.8529896140098572 0.5219278931617737 0.0 
                    -4.1949340356950415e-07 -0.5219279527664185 0.8529896140098572 0.0 
                    -1.7763568394002505e-15 1.3303627967834473 1.1920928955078125e-07 1.0 
                  }
                }
                <VertexRef> {
                  96 97 98 99 100 101 102 103 104 105 106 107 108 109 110 111 112 113 117 118 120 121 125 126 208 211 214 215 224 230 243 247 544 547 550 551 552 555 558 559 642 643 644 647 649 650 652 653 657 660
                  <Scalar> membership { 1.000000 }  <Ref> { Cube }
                }
                <Joint> skull {
                  <Transform> {
                    <Matrix4> {
                      1.0 -1.3574323887155515e-08 -6.030377903698536e-07 0.0 
                      -7.3286852142473435e-09 0.9993996024131775 -0.03464934229850769 0.0 
                      6.031460202393646e-07 0.03464934229850769 0.9993996024131775 0.0 
                      -7.105427357601002e-15 1.0996485948562622 7.450577754752885e-08 1.0 
                    }
                  }
                  <VertexRef> {
                    96 97 101 102 104 107 110 111 121 125 544 545 546 547 548 549 550 551 552 553 554 555 556 557 558 559 560 561 562 563 564 565 566 567 568 569 570 571 572 573 574 575 576 577 578 579 580 581 582 583 608 609 610 611 612 613 614 615 616 617 618 619 620 621 622 623 624 625 626 627 628 629 630 631 632 633 634 635 636 637 638 639 640 641 642 643 644 645 646 647 648 649 650 651 652 653 654 655 656 657 658 659 660 661 662 663 664 665 666 667 668 669 670 671 672 673 674 675 676 677 678 679 680 681 682 683 684 685 686 687 688 689 690 691 692 693 694 695 696 697 698 699 700 701 702 703 704 705 706 707 708 709 710 711 712 713 714 715 716 717 718 719 720 721 722 723 724 725 726 727 728 729 730 731 732 733
                    <Scalar> membership { 1.000000 }  <Ref> { Cube }
                  }
                }
              }
            }
          }
        }
        <Joint> pelvis {
          <Transform> {
            <Matrix4> {
              1.0 -2.2555863665729703e-07 -8.92121229320586e-13 0.0 
              -1.6279753153186638e-12 -3.262362270106678e-06 -1.0 0.0 
              2.2555863665729703e-07 1.0 -3.262362270106678e-06 0.0 
              0.0 0.0 0.0 1.0 
            }
          }
          <VertexRef> {
            130 132 352 358
            <Scalar> membership { 0.999674 }  <Ref> { Cube }
          }
          <VertexRef> {
            353 357 522 524
            <Scalar> membership { 0.984615 }  <Ref> { Cube }
          }
          <VertexRef> {
            194 196 354 356 521 525 530 532
            <Scalar> membership { 0.985267 }  <Ref> { Cube }
          }
          <VertexRef> {
            131 135 138 139 140 143 146 147 148 151 184 185 186 187 188 189 190 191 192 193 195 197 198 199 355 359 529 533 537 538 540 541
            <Scalar> membership { 1.000000 }  <Ref> { Cube }
          }
          <Joint> thigh_r {
            <Transform> {
              <Matrix4> {
                0.9990907907485962 0.03020150028169155 0.030093694105744362 0.0 
                -0.03009335696697235 0.9995389580726624 -0.004040103871375322 0.0 
                -0.030201826244592667 0.003130810335278511 0.9995389580726624 0.0 
                -0.7000001072883606 0.5999993085861206 0.16848237812519073 1.0 
              }
            }
            <VertexRef> {
              77 86 196 356 525 532 534 543
              <Scalar> membership { 1.000000 }  <Ref> { Cube }
            }
            <VertexRef> {
              72 78 536 542
              <Scalar> membership { 0.500000 }  <Ref> { Cube }
            }
            <VertexRef> {
              85 94 526 535
              <Scalar> membership { 0.999652 }  <Ref> { Cube }
            }
            <VertexRef> {
              353 357 522 524
              <Scalar> membership { 0.502853 }  <Ref> { Cube }
            }
            <VertexRef> {
              89 93 523 527
              <Scalar> membership { 0.500009 }  <Ref> { Cube }
            }
            <VertexRef> {
              187 191 537 541
              <Scalar> membership { 0.498496 }  <Ref> { Cube }
            }
            <VertexRef> {
              48 51 54 55 56 57 62 67 74 75 76 79 82 83 87 91
              <Scalar> membership { 0.000000 }  <Ref> { Cube }
            }
            <VertexRef> {
              61 71 84 95
              <Scalar> membership { 0.000340 }  <Ref> { Cube }
            }
            <VertexRef> {
              188 199 533 540
              <Scalar> membership { 0.980629 }  <Ref> { Cube }
            }
            <Joint> shin_r {
              <Transform> {
                <Matrix4> {
                  0.999979555606842 -0.0063727847300469875 -0.00034998502815142274 0.0 
                  0.006291100289672613 0.9749529957771301 0.2223217636346817 0.0 
                  -0.0010755867697298527 -0.22231945395469666 0.9749731421470642 0.0 
                  -9.639188647270203e-08 5.202399730682373 -1.4901161193847656e-08 1.0 
                }
              }
              <VertexRef> {
                54 62 76 87
                <Scalar> membership { 0.997814 }  <Ref> { Cube }
              }
              <VertexRef> {
                51 55 75 79
                <Scalar> membership { 0.500000 }  <Ref> { Cube }
              }
              <VertexRef> {
                64 70 90 92
                <Scalar> membership { 0.514957 }  <Ref> { Cube }
              }
              <VertexRef> {
                61 71 84 95
                <Scalar> membership { 1.000000 }  <Ref> { Cube }
              }
              <Joint> foot_r {
                <Transform> {
                  <Matrix4> {
                    0.9992727041244507 -0.029768912121653557 -0.02382994070649147 0.0 
                    -0.010283755138516426 0.3913900852203369 -0.9201673269271851 0.0 
                    0.0367191918194294 0.9197431206703186 0.3907993733882904 0.0 
                    2.60770320892334e-08 4.818552017211914 -3.3527612686157227e-08 1.0 
                  }
                }
                <Joint> toes_r {
                  <Transform> {
                    <Matrix4> {
                      1.0 -4.8638838734405e-07 -1.046430384121777e-06 0.0 
                      -8.86452511394964e-08 0.8717692494392395 -0.48991674184799194 0.0 
                      1.1505356951602153e-06 0.48991674184799194 0.8717692494392395 0.0 
                      -6.887765024998771e-09 1.0772414207458496 4.6850917101437517e-07 1.0 
                    }
                  }
                }
              }
            }
          }
          <Joint> thigh_l {
            <Transform> {
              <Matrix4> {
                0.9990907907485962 -0.03020150028169155 -0.030093247070908546 0.0 
                0.030093355104327202 0.9995389580726624 -0.004040192347019911 0.0 
                0.03020138293504715 0.003130912082269788 0.9995389580726624 0.0 
                0.699999988079071 0.5999993085861206 0.16848324239253998 1.0 
              }
            }
            <VertexRef> {
              73 80 194 354 521 528 530 539
              <Scalar> membership { 1.000000 }  <Ref> { Cube }
            }
            <VertexRef> {
              72 78 536 542
              <Scalar> membership { 0.500000 }  <Ref> { Cube }
            }
            <VertexRef> {
              81 88 520 531
              <Scalar> membership { 0.999652 }  <Ref> { Cube }
            }
            <VertexRef> {
              353 357 522 524
              <Scalar> membership { 0.502853 }  <Ref> { Cube }
            }
            <VertexRef> {
              89 93 523 527
              <Scalar> membership { 0.500009 }  <Ref> { Cube }
            }
            <VertexRef> {
              187 191 537 541
              <Scalar> membership { 0.498496 }  <Ref> { Cube }
            }
            <VertexRef> {
              48 51 54 55 56 61 62 71 74 75 76 79 83 84 87 95
              <Scalar> membership { 0.000000 }  <Ref> { Cube }
            }
            <VertexRef> {
              57 67 82 91
              <Scalar> membership { 0.000340 }  <Ref> { Cube }
            }
            <VertexRef> {
              186 195 529 538
              <Scalar> membership { 0.980629 }  <Ref> { Cube }
            }
            <Joint> shin_l {
              <Transform> {
                <Matrix4> {
                  0.999979555606842 0.006372778210788965 0.000349995621945709 0.0 
                  -0.006291097495704889 0.9749531149864197 0.22232110798358917 0.0 
                  0.0010755695402622223 -0.22231878340244293 0.9749733805656433 0.0 
                  9.499490261077881e-08 5.202399730682373 -1.30385160446167e-08 1.0 
                }
              }
              <VertexRef> {
                51 55 75 79
                <Scalar> membership { 0.500000 }  <Ref> { Cube }
              }
              <VertexRef> {
                48 56 74 83
                <Scalar> membership { 0.997814 }  <Ref> { Cube }
              }
              <VertexRef> {
                64 70 90 92
                <Scalar> membership { 0.514957 }  <Ref> { Cube }
              }
              <VertexRef> {
                57 67 82 91
                <Scalar> membership { 1.000000 }  <Ref> { Cube }
              }
              <Joint> foot_l {
                <Transform> {
                  <Matrix4> {
                    0.9992728233337402 0.029768923297524452 0.023829957470297813 0.0 
                    0.010283778421580791 0.3913898468017578 -0.9201673269271851 0.0 
                    -0.0367191880941391 0.9197431802749634 0.3907991945743561 0.0 
                    1.862645149230957e-08 4.818552494049072 1.0058283805847168e-07 1.0 
                  }
                }
                <Joint> toes_l {
                  <Transform> {
                    <Matrix4> {
                      1.0 4.845960575039499e-07 1.040453298628563e-06 0.0 
                      8.727693057153374e-08 0.8717703819274902 -0.4899146854877472 0.0 
                      -1.1444469691923587e-06 0.4899147152900696 0.8717703223228455 0.0 
                      -4.014833621113212e-08 1.0772405862808228 3.863538040604908e-07 1.0 
                    }
                  }
                }
              }
            }
          }
        }
        <Joint> torso_ctrl {
          <Transform> {
            <Matrix4> {
              1.0 0.0 0.0 0.0 
              0.0 1.0 0.0 0.0 
              0.0 0.0 1.0 0.0 
              3.6816164339370516e-08 0.429978609085083 3.431771993637085 1.0 
            }
          }
          <VertexRef> {
            0 1 2 3 4 5 6 7 8 9 10 11 12 13 14 15 16 17 18 19 20 21 22 23 24 25 26 27 28 29 30 31 32 33 34 35 36 37 38 39 40 41 42 43 44 45 46 47
            <Scalar> membership { 1.000000 }  <Ref> { Cube }
          }
          <Joint> arm_pole_l {
            <Transform> {
              <Matrix4> {
                1.0 0.0 0.0 0.0 
                0.0 1.0 0.0 0.0 
                0.0 0.0 1.0 0.0 
                3.7999839782714844 3.3999950885772705 -0.29999709129333496 1.0 
              }
            }
          }
          <Joint> arm_pole_r {
            <Transform> {
              <Matrix4> {
                1.0 0.0 0.0 0.0 
                0.0 1.0 0.0 0.0 
                0.0 0.0 1.0 0.0 
                -3.7999839782714844 3.3999950885772705 -0.29999709129333496 1.0 
              }
            }
          }
          <Joint> hand_ctrl_l {
            <Transform> {
              <Matrix4> {
                -7.589671326968528e-07 -1.0 1.5894583782483096e-07 0.0 
                1.0 -7.589671326968528e-07 -1.5894572413799324e-07 0.0 
                1.5894583782483096e-07 1.5894572413799324e-07 1.0 0.0 
                6.297939300537109 -0.2630772590637207 -0.04999685287475586 1.0 
              }
            }
            <Joint> thumb_l {
              <Transform> {
                <Matrix4> {
                  0.9551736116409302 -0.27837637066841125 0.10074736177921295 0.0 
                  0.2863161563873291 0.9551735520362854 -0.07527609169483185 0.0 
                  -0.07527611404657364 0.10074733197689056 0.9920602440834045 0.0 
                  0.3412399888038635 0.15355928242206573 -4.48589889856521e-06 1.0 
                }
              }
              <VertexRef> {
                392 393 400 424 427 434 435 443 448 449 450 451 456 457 458 459 464 465 466 467 472 473 474 475 480 481 482 483 489 504 512 515
                <Scalar> membership { 1.000000 }  <Ref> { Cube }
              }
            }
            <Joint> hand_ik_l {
              <Transform> {
                <Matrix4> {
                  3.5764035288821105e-08 1.0 -9.221269581249913e-13 0.0 
                  1.013676683214726e-05 -1.547373340571312e-15 1.0 0.0 
                  1.0 -3.576361251589333e-08 -1.013676683214726e-05 0.0 
                  1.5343221093644388e-07 2.8948301178388647e-07 3.1230385388880677e-07 1.0 
                }
              }
            }
            <Joint> finger_ctrl_l {
              <Transform> {
                <Matrix4> {
                  0.9932254552841187 0.013508693315088749 0.11541571468114853 0.0 
                  -5.50784170627594e-06 0.9932254552841187 -0.11620347201824188 0.0 
                  -0.11620357632637024 0.11541560292243958 0.9864968657493591 0.0 
                  3.4224683531647315e-08 -1.6178655641851947e-06 -1.6453361695312196e-07 1.0 
                }
              }
              <Joint> finger_ik_l {
                <Transform> {
                  <Matrix4> {
                    -0.7343178987503052 0.3017880320549011 0.6080306768417358 0.0 
                    0.058442145586013794 -0.8643026351928711 0.4995657503604889 0.0 
                    0.6762853264808655 0.4023745656013489 0.6170356273651123 0.0 
                    1.4901161193847656e-08 1.7211560010910034 -1.601874828338623e-07 1.0 
                  }
                }
              }
            }
          }
          <Joint> hand_ctrl_r {
            <Transform> {
              <Matrix4> {
                -7.589671326968528e-07 1.0 -1.5894583782483096e-07 0.0 
                -1.0 -7.589671326968528e-07 -1.5894572413799324e-07 0.0 
                -1.5894583782483096e-07 1.5894572413799324e-07 1.0 0.0 
                -6.297939300537109 -0.2630772590637207 -0.04999685287475586 1.0 
              }
            }
            <Joint> thumb_r {
              <Transform> {
                <Matrix4> {
                  0.9551736116409302 0.27837637066841125 -0.10074736177921295 0.0 
                  -0.2863161563873291 0.9551735520362854 -0.07527609169483185 0.0 
                  0.07527611404657364 0.10074733197689056 0.9920602440834045 0.0 
                  -0.3412399888038635 0.15355928242206573 -4.48589889856521e-06 1.0 
                }
              }
              <VertexRef> {
                397 398 406 430 431 436 439 447 452 453 454 455 460 461 462 463 468 469 470 471 476 477 478 479 484 485 486 487 493 510 518 519
                <Scalar> membership { 1.000000 }  <Ref> { Cube }
              }
            }
            <Joint> hand_ik_r {
              <Transform> {
                <Matrix4> {
                  3.5764035288821105e-08 -1.0 9.221269581249913e-13 0.0 
                  -1.013676683214726e-05 -1.547373340571312e-15 1.0 0.0 
                  -1.0 -3.576361251589333e-08 -1.013676683214726e-05 0.0 
                  -1.5343221093644388e-07 2.8948301178388647e-07 3.1230385388880677e-07 1.0 
                }
              }
            }
            <Joint> finger_ctrl_r {
              <Transform> {
                <Matrix4> {
                  0.9932254552841187 -0.013508693315088749 -0.11541571468114853 0.0 
                  5.50784170627594e-06 0.9932254552841187 -0.11620347201824188 0.0 
                  0.11620357632637024 0.11541560292243958 0.9864968657493591 0.0 
                  -3.4224683531647315e-08 -1.6178655641851947e-06 -1.6453361695312196e-07 1.0 
                }
              }
              <Joint> finger_ik_r {
                <Transform> {
                  <Matrix4> {
                    -0.7343178987503052 -0.3017880320549011 -0.6080306768417358 0.0 
                    -0.058442145586013794 -0.8643026351928711 0.4995657503604889 0.0 
                    -0.6762853264808655 0.4023745656013489 0.6170356273651123 0.0 
                    -1.4901161193847656e-08 1.7211560010910034 -1.601874828338623e-07 1.0 
                  }
                }
              }
            }
          }
          <Joint> upper_arm_l {
            <Transform> {
              <Matrix4> {
                0.03869180381298065 -0.9960349202156067 0.08010932803153992 0.0 
                0.9960349202156067 0.032016005367040634 -0.0830032080411911 0.0 
                0.08010932058095932 0.0830032154917717 0.9933242797851562 0.0 
                1.3999855518341064 0.12285184860229492 -0.09999823570251465 1.0 
              }
            }
            <VertexRef> {
              98 99 105 113 114 120 123 128 137 144 145 152 153 154 155 160 163 168 169 170 171 176 179 208 209 210 211 216 217 218 219 224 225 226 227 232 233 234 235 240 241 242 243 248 249 250 251 256 257 258 259 264 265 266 267 272 273 274 275 282 283 288 289 290 291 297 298 304 307 312 313 314 315 328 329 330 331 336 337 338 339 344 347
              <Scalar> membership { 1.000000 }  <Ref> { Cube }
            }
            <Joint> lower_arm_l {
              <Transform> {
                <Matrix4> {
                  0.9586970806121826 -0.19062532484531403 -0.21109750866889954 0.0 
                  0.2263895720243454 0.9607039093971252 0.16061080992221832 0.0 
                  0.17218570411205292 -0.20176734030246735 0.9641795754432678 0.0 
                  -1.4901161193847656e-08 2.409543514251709 1.825392246246338e-07 1.0 
                }
              }
              <VertexRef> {
                153 154 160 161 162 163 168 169 170 176 177 178 179 234 249 265 266 273 274 275 280 281 282 283 288 289 290 291 296 297 298 299 304 305 306 307 312 313 314 315 320 321 322 323 328 329 330 331 336 337 338 339 344 345 346 347 360 363 368 370 371 376 377 379 384 385 386 387 392 395 408 411 432 435 456 465 472 473 488 489 490 491 496 497 498 504 505 512 514 515
                <Scalar> membership { 1.000000 }  <Ref> { Cube }
              }
              <VertexRef> {
                361 378 507 513
                <Scalar> membership { 0.993883 }  <Ref> { Cube }
              }
              <VertexRef> {
                241 248 258 267
                <Scalar> membership { 0.000445 }  <Ref> { Cube }
              }
              <VertexRef> {
                152 171 217 250
                <Scalar> membership { 0.002872 }  <Ref> { Cube }
              }
              <VertexRef> {
                362 369 499 506
                <Scalar> membership { 0.972645 }  <Ref> { Cube }
              }
              <Joint> palm_l {
                <Transform> {
                  <Matrix4> {
                    0.9785175323486328 0.18141433596611023 0.09794113039970398 0.0 
                    -0.1696966141462326 0.978518009185791 -0.11707083880901337 0.0 
                    -0.11707545816898346 0.09793557971715927 0.988282322883606 0.0 
                    5.960464477539063e-08 2.5527591705322266 4.209578037261963e-07 1.0 
                  }
                }
                <VertexRef> {
                  392 393 394 395 400 403 408 409 410 411 416 419 424 427 432 433 434 435 440 443 448 449 456 457 464 465 472 473 488 489 496 497 504 505 512 515
                  <Scalar> membership { 1.000000 }  <Ref> { Cube }
                }
                <Joint> fingers_l {
                  <Transform> {
                    <Matrix4> {
                      0.970145046710968 0.058819495141506195 0.23528458178043365 0.0 
                      4.284081569494447e-07 0.9701436161994934 -0.24253089725971222 0.0 
                      -0.2425253987312317 0.23529024422168732 0.9411801099777222 0.0 
                      7.330527296289802e-09 0.9094996452331543 1.7314619071839843e-08 1.0 
                    }
                  }
                  <VertexRef> {
                    200 201 202 203 393 394 400 401 402 403 409 410 416 417 418 419 424 425 426 427 433 434 440 441 442 443 448 449 457 464
                    <Scalar> membership { 1.000000 }  <Ref> { Cube }
                  }
                }
              }
            }
          }
          <Joint> upper_arm_r {
            <Transform> {
              <Matrix4> {
                0.03869180381298065 0.9960349202156067 -0.08010932803153992 0.0 
                -0.9960349202156067 0.032016005367040634 -0.0830032080411911 0.0 
                -0.08010932058095932 0.0830032154917717 0.9933242797851562 0.0 
                -1.3999855518341064 0.12285184860229492 -0.09999823570251465 1.0 
              }
            }
            <VertexRef> {
              100 103 109 116 117 126 127 134 141 149 150 156 157 158 159 166 167 172 173 174 175 182 183 212 213 214 215 220 221 222 223 228 229 230 231 236 237 238 239 244 245 246 247 252 253 254 255 260 261 262 263 268 269 270 271 276 277 278 279 284 287 292 293 294 295 300 301 310 311 316 317 318 319 332 333 334 335 340 341 342 343 350 351
              <Scalar> membership { 1.000000 }  <Ref> { Cube }
            }
            <Joint> lower_arm_r {
              <Transform> {
                <Matrix4> {
                  0.9586970806121826 0.19062532484531403 0.21109750866889954 0.0 
                  -0.2263895720243454 0.9607039093971252 0.16061080992221832 0.0 
                  -0.17218570411205292 -0.20176734030246735 0.9641795754432678 0.0 
                  1.4901161193847656e-08 2.409543514251709 1.825392246246338e-07 1.0 
                }
              }
              <VertexRef> {
                164 165 173 174 180 181 182 236 253 268 269 276 279 284 285 286 292 293 294 295 300 301 302 303 308 309 310 311 316 317 318 319 324 325 326 327 332 333 334 335 340 341 342 343 348 349 350 351 366 367 372 374 375 381 382 383 388 389 390 391 398 399 414 415 438 439 462 469 477 478 492 493 494 495 500 501 502 509 510 516 518 519
                <Scalar> membership { 1.000000 }  <Ref> { Cube }
              }
              <VertexRef> {
                365 380 511 517
                <Scalar> membership { 0.993883 }  <Ref> { Cube }
              }
              <VertexRef> {
                157 166 172 183
                <Scalar> membership { 0.400000 }  <Ref> { Cube }
              }
              <VertexRef> {
                245 254 260 271
                <Scalar> membership { 0.000445 }  <Ref> { Cube }
              }
              <VertexRef> {
                364 373 503 508
                <Scalar> membership { 0.972645 }  <Ref> { Cube }
              }
              <VertexRef> {
                158 175 221 252
                <Scalar> membership { 0.002872 }  <Ref> { Cube }
              }
              <Joint> palm_r {
                <Transform> {
                  <Matrix4> {
                    0.9785175323486328 -0.18141433596611023 -0.09794113039970398 0.0 
                    0.1696966141462326 0.978518009185791 -0.11707083880901337 0.0 
                    0.11707545816898346 0.09793557971715927 0.988282322883606 0.0 
                    -5.960464477539063e-08 2.5527591705322266 4.209578037261963e-07 1.0 
                  }
                }
                <VertexRef> {
                  396 397 398 399 406 407 412 413 414 415 422 423 430 431 436 437 438 439 446 447 453 454 461 462 469 470 477 478 493 494 501 502 509 510 518 519
                  <Scalar> membership { 1.000000 }  <Ref> { Cube }
                }
                <Joint> fingers_r {
                  <Transform> {
                    <Matrix4> {
                      0.970145046710968 -0.058819495141506195 -0.23528458178043365 0.0 
                      -4.284081569494447e-07 0.9701436161994934 -0.24253089725971222 0.0 
                      0.2425253987312317 0.23529024422168732 0.9411801099777222 0.0 
                      -7.330527296289802e-09 0.9094996452331543 1.7314619071839843e-08 1.0 
                    }
                  }
                  <VertexRef> {
                    204 205 206 207 396 397 404 405 406 407 412 413 420 421 422 423 428 429 430 431 436 437 444 445 446 447 453 454 461 470
                    <Scalar> membership { 1.000000 }  <Ref> { Cube }
                  }
                }
              }
            }
          }
        }
      }
    }
    <Group> Cube {
      <Transform> {
        <Matrix4> {
          0.6003227233886719 0.0 0.0 0.0 
          0.0 0.6003227233886719 0.0 0.0 
          0.0 0.0 0.6376071572303772 0.0 
          0.0 0.0 0.0 1.0 
        }
      }
      
      <VertexPool> Cube {
      
        <Vertex> 0 {3.167771 -0.646017 4.004136
        <Normal> { -0.266518 -0.365856 0.891659 }
          <UV>  {
            0.433853 0.788069 
          }
        }
        <Vertex> 1 {4.066605 0.354034 4.761774
        <Normal> { -0.289407 -0.065371 0.954955 }
          <UV>  {
            0.493714 0.857363 
          }
        }
        <Vertex> 2 {2.487395 0.326968 4.212170
        <Normal> { 0.280343 -0.067965 0.957488 }
          <UV>  {
            0.387349 0.850749 
          }
        }
        <Vertex> 3 {2.524316 -0.646017 3.836279
        <Normal> { 0.190680 -0.595508 0.780358 }
          <UV>  {
            0.397464 0.783478 
          }
        }
        <Vertex> 4 {-2.487395 0.326968 4.212170
        <Normal> { -0.280343 -0.067965 0.957488 }
          <UV>  {
            0.135864 0.850749 
          }
        }
        <Vertex> 5 {-4.066605 0.354034 4.761774
        <Normal> { 0.289407 -0.065371 0.954955 }
          <UV>  {
            0.029499 0.857363 
          }
        }
        <Vertex> 6 {-3.167771 -0.646017 4.004136
        <Normal> { 0.266518 -0.365856 0.891659 }
          <UV>  {
            0.089359 0.788069 
          }
        }
        <Vertex> 7 {-2.524316 -0.646017 3.836279
        <Normal> { -0.190680 -0.595508 0.780358 }
          <UV>  {
            0.125748 0.783478 
          }
        }
        <Vertex> 8 {4.066605 0.354034 4.761774
        <Normal> { -0.289407 -0.065371 0.954955 }
          <UV>  {
            0.493714 0.857363 
          }
        }
        <Vertex> 9 {3.115373 1.296141 4.138557
        <Normal> { -0.284310 0.250374 0.925443 }
          <UV>  {
            0.426863 0.913889 
          }
        }
        <Vertex> 10 {2.471919 1.296141 3.970699
        <Normal> { 0.229865 0.503830 0.832636 }
          <UV>  {
            0.390221 0.915949 
          }
        }
        <Vertex> 11 {2.487395 0.326968 4.212170
        <Normal> { 0.280343 -0.067965 0.957488 }
          <UV>  {
            0.387349 0.850749 
          }
        }
        <Vertex> 12 {-2.471919 1.296141 3.970699
        <Normal> { -0.229865 0.503830 0.832636 }
          <UV>  {
            0.132991 0.915949 
          }
        }
        <Vertex> 13 {-3.115373 1.296141 4.138557
        <Normal> { 0.284310 0.250374 0.925443 }
          <UV>  {
            0.096349 0.913889 
          }
        }
        <Vertex> 14 {-4.066605 0.354034 4.761774
        <Normal> { 0.289407 -0.065371 0.954955 }
          <UV>  {
            0.029499 0.857363 
          }
        }
        <Vertex> 15 {-2.487395 0.326968 4.212170
        <Normal> { -0.280343 -0.067965 0.957488 }
          <UV>  {
            0.135864 0.850749 
          }
        }
        <Vertex> 16 {2.487395 0.326968 4.212170
        <Normal> { 0.280343 -0.067965 0.957488 }
          <UV>  {
            0.387349 0.850749 
          }
        }
        <Vertex> 17 {2.564999 0.277455 5.169585
        <Normal> { 0.342723 -0.080508 0.935972 }
          <UV>  {
            0.350389 0.851444 
          }
        }
        <Vertex> 18 {1.740339 -0.644229 3.742848
        <Normal> { 0.160436 -0.694754 0.701102 }
          <UV>  {
            0.354303 0.773953 
          }
        }
        <Vertex> 19 {2.524316 -0.646017 3.836279
        <Normal> { 0.190680 -0.595508 0.780358 }
          <UV>  {
            0.397464 0.783478 
          }
        }
        <Vertex> 20 {-1.740339 -0.644229 3.742848
        <Normal> { -0.160436 -0.694754 0.701102 }
          <UV>  {
            0.168909 0.773953 
          }
        }
        <Vertex> 21 {-2.564999 0.277455 5.169585
        <Normal> { -0.342723 -0.080508 0.935972 }
          <UV>  {
            0.172824 0.851444 
          }
        }
        <Vertex> 22 {-2.487395 0.326968 4.212170
        <Normal> { -0.280343 -0.067965 0.957488 }
          <UV>  {
            0.135864 0.850749 
          }
        }
        <Vertex> 23 {-2.524316 -0.646017 3.836279
        <Normal> { -0.190680 -0.595508 0.780358 }
          <UV>  {
            0.125748 0.783478 
          }
        }
        <Vertex> 24 {2.564999 0.277455 5.169585
        <Normal> { 0.342723 -0.080508 0.935972 }
          <UV>  {
            0.350389 0.851444 
          }
        }
        <Vertex> 25 {0.919440 0.330544 4.480540
        <Normal> { -0.173345 -0.094241 0.980316 }
          <UV>  {
            0.276255 0.851174 
          }
        }
        <Vertex> 26 {0.956361 -0.642442 4.104649
        <Normal> { -0.111118 -0.637043 0.762749 }
          <UV>  {
            0.289640 0.773953 
          }
        }
        <Vertex> 27 {1.740339 -0.644229 3.742848
        <Normal> { 0.160436 -0.694754 0.701102 }
          <UV>  {
            0.354303 0.773953 
          }
        }
        <Vertex> 28 {-0.956361 -0.642442 4.104649
        <Normal> { 0.111118 -0.637043 0.762749 }
          <UV>  {
            0.233573 0.773953 
          }
        }
        <Vertex> 29 {-0.919440 0.330544 4.480540
        <Normal> { 0.173345 -0.094241 0.980316 }
          <UV>  {
            0.246958 0.851174 
          }
        }
        <Vertex> 30 {-2.564999 0.277455 5.169585
        <Normal> { -0.342723 -0.080508 0.935972 }
          <UV>  {
            0.172824 0.851444 
          }
        }
        <Vertex> 31 {-1.740339 -0.644229 3.742848
        <Normal> { -0.160436 -0.694754 0.701102 }
          <UV>  {
            0.168909 0.773953 
          }
        }
        <Vertex> 32 {2.471919 1.296141 3.970699
        <Normal> { 0.229865 0.503830 0.832636 }
          <UV>  {
            0.390221 0.915949 
          }
        }
        <Vertex> 33 {1.687940 1.297928 4.104884
        <Normal> { 0.137547 0.564684 0.813746 }
          <UV>  {
            0.345678 0.920505 
          }
        }
        <Vertex> 34 {2.564999 0.277455 5.169585
        <Normal> { 0.342723 -0.080508 0.935972 }
          <UV>  {
            0.350389 0.851444 
          }
        }
        <Vertex> 35 {2.487395 0.326968 4.212170
        <Normal> { 0.280343 -0.067965 0.957488 }
          <UV>  {
            0.387349 0.850749 
